c12 : -0.02080012
c13 : -0.01839586
c14 : -0.00593036
c1t : 0.00000000
c1b : -0.01343138
c23 : -0.00966535
c24 : -0.01589748
c2t : 0.00000000
c2b : -0.00432787
