c12 : -0.02402374
c13 : -0.02934307
c14 : -0.01253282
c1t : 0.00000000
c1b : -0.01688042
c23 : -0.00460820
c24 : -0.02380851
c2t : 0.00000000
c2b : -0.00484719
