c12 : -0.03149720
c13 : -0.03897749
c14 : -0.06557588
c1t : 0.00000000
c1b : -0.05922009
c23 : -0.00152831
c24 : -0.02169427
c2t : 0.00000000
c2b : -0.00294837
