c12 : -0.00779226
c13 : -0.18808021
c14 : -0.00706319
c1t : 0.00000000
c1b : -0.00805026
c23 : -0.00901831
c24 : -0.15858829
c2t : 0.00000000
c2b : -0.00518445
