c12 : -0.03719497
c13 : -0.00790842
c14 : -0.04820613
c1t : 0.00000000
c1b : -0.05768581
c23 : -0.00070725
c24 : -0.00612911
c2t : 0.00000000
c2b : -0.00038606
