c12 : -0.01521783
c13 : -0.19780004
c14 : -0.05162011
c1t : 0.00000000
c1b : -0.05665215
c23 : -0.00107120
c24 : -0.15773286
c2t : 0.00000000
c2b : -0.00271354
