c12 : -0.01142118
c13 : -0.19282126
c14 : -0.01625440
c1t : 0.00000000
c1b : -0.01007296
c23 : -0.00264661
c24 : -0.15799503
c2t : 0.00000000
c2b : -0.00062062
