c12 : -0.00983864
c13 : -0.10434863
c14 : -0.00657895
c1t : 0.00000000
c1b : -0.00633849
c23 : -0.00935847
c24 : -0.08553159
c2t : 0.00000000
c2b : -0.00046848
