c12 : -0.02220591
c13 : -0.00841809
c14 : -0.00407890
c1t : 0.00000000
c1b : -0.01551036
c23 : -0.00607855
c24 : -0.00870424
c2t : 0.00000000
c2b : -0.00279258
