c12 : -0.02596361
c13 : -0.01762157
c14 : -0.00965232
c1t : 0.00000000
c1b : -0.01732103
c23 : -0.00343592
c24 : -0.01527917
c2t : 0.00000000
c2b : -0.00119125
