c12 : -0.01434936
c13 : -0.10678476
c14 : -0.01695992
c1t : 0.00000000
c1b : -0.01318836
c23 : -0.00411452
c24 : -0.08591268
c2t : 0.00000000
c2b : -0.00459898
