c12 : -0.00984186
c13 : -0.10308430
c14 : -0.00668930
c1t : 0.00000000
c1b : -0.00666107
c23 : -0.00769997
c24 : -0.08578431
c2t : 0.00000000
c2b : -0.00081637
