c12 : -0.00748437
c13 : -0.18886606
c14 : -0.00655288
c1t : 0.00000000
c1b : -0.00605251
c23 : -0.00763485
c24 : -0.15824303
c2t : 0.00000000
c2b : -0.00083218
