c12 : -0.01369181
c13 : -0.19839530
c14 : -0.04629970
c1t : 0.00000000
c1b : -0.04465277
c23 : -0.00141578
c24 : -0.15721229
c2t : 0.00000000
c2b : -0.00005405
