c12 : -0.02278792
c13 : -0.00849536
c14 : -0.00471693
c1t : 0.00000000
c1b : -0.01742432
c23 : -0.00548651
c24 : -0.00952298
c2t : 0.00000000
c2b : -0.00746735
