c12 : -0.01868634
c13 : -0.11571163
c14 : -0.05498500
c1t : 0.00000000
c1b : -0.05685239
c23 : -0.00131040
c24 : -0.08445399
c2t : 0.00000000
c2b : -0.00260276
