c12 : -0.01885879
c13 : -0.06011666
c14 : -0.01522507
c1t : 0.00000000
c1b : -0.01308055
c23 : -0.00693214
c24 : -0.04588449
c2t : 0.00000000
c2b : -0.00280060
