c12 : -0.02863277
c13 : -0.00858756
c14 : -0.00739109
c1t : 0.00000000
c1b : -0.02337761
c23 : -0.00339947
c24 : -0.00933257
c2t : 0.00000000
c2b : -0.00647498
