c12 : -0.02408802
c13 : -0.02812209
c14 : -0.01294437
c1t : 0.00000000
c1b : -0.01780274
c23 : -0.00397022
c24 : -0.02417144
c2t : 0.00000000
c2b : -0.00519076
