c12 : -0.01363892
c13 : -0.05346398
c14 : -0.00693154
c1t : 0.00000000
c1b : -0.00851245
c23 : -0.00693528
c24 : -0.04653169
c2t : 0.00000000
c2b : -0.00085544
