c12 : -0.01416717
c13 : -0.10317516
c14 : -0.01646203
c1t : 0.00000000
c1b : -0.01165948
c23 : -0.00241176
c24 : -0.08569732
c2t : 0.00000000
c2b : -0.00066264
