c12 : -0.03901134
c13 : -0.01147902
c14 : -0.04977862
c1t : 0.00000000
c1b : -0.06261179
c23 : -0.00148827
c24 : -0.00655087
c2t : 0.00000000
c2b : -0.00295779
