c12 : -0.01360530
c13 : -0.11807296
c14 : -0.01619185
c1t : 0.00000000
c1b : -0.01030554
c23 : -0.00435316
c24 : -0.09360715
c2t : 0.00000000
c2b : -0.00026075
