c12 : -0.00944971
c13 : -0.11002308
c14 : -0.00703896
c1t : 0.00000000
c1b : -0.00723950
c23 : -0.00704859
c24 : -0.09421670
c2t : 0.00000000
c2b : -0.00084749
