c12 : -0.00990347
c13 : -0.10033237
c14 : -0.00706076
c1t : 0.00000000
c1b : -0.00734383
c23 : -0.00705710
c24 : -0.08594538
c2t : 0.00000000
c2b : -0.00085220
