c12 : -0.02031739
c13 : -0.01690163
c14 : -0.00542734
c1t : 0.00000000
c1b : -0.01243761
c23 : -0.00608604
c24 : -0.01563794
c2t : 0.00000000
c2b : -0.00165698
