c12 : -0.03338904
c13 : -0.01894530
c14 : -0.06400550
c1t : 0.00000000
c1b : -0.05460550
c23 : -0.00069202
c24 : -0.01285216
c2t : 0.00000000
c2b : -0.00037680
