c12 : -0.01379547
c13 : -0.18987854
c14 : -0.04625729
c1t : 0.00000000
c1b : -0.04685043
c23 : -0.00032123
c24 : -0.15759128
c2t : 0.00000000
c2b : -0.00039336
