c12 : -0.03114844
c13 : -0.04465097
c14 : -0.06537687
c1t : 0.00000000
c1b : -0.05510197
c23 : -0.00316639
c24 : -0.02174387
c2t : 0.00000000
c2b : -0.00180162
