c12 : -0.03133819
c13 : -0.04117119
c14 : -0.06545803
c1t : 0.00000000
c1b : -0.05765559
c23 : -0.00192642
c24 : -0.02164146
c2t : 0.00000000
c2b : -0.00276684
