c12 : -0.01360775
c13 : -0.11627666
c14 : -0.01629367
c1t : 0.00000000
c1b : -0.01071603
c23 : -0.00281827
c24 : -0.09383235
c2t : 0.00000000
c2b : -0.00061184
