c12 : -0.02867024
c13 : -0.00978497
c14 : -0.00718973
c1t : 0.00000000
c1b : -0.02242301
c23 : -0.00588452
c24 : -0.00880355
c2t : 0.00000000
c2b : -0.00477649
