c12 : -0.03538227
c13 : -0.02559066
c14 : -0.06696615
c1t : 0.00000000
c1b : -0.06066697
c23 : -0.00155430
c24 : -0.01313838
c2t : 0.00000000
c2b : -0.00297002
