c12 : -0.02596621
c13 : -0.01846457
c14 : -0.00956529
c1t : 0.00000000
c1b : -0.01712501
c23 : -0.00488836
c24 : -0.01495161
c2t : 0.00000000
c2b : -0.00083157
