c12 : -0.02796965
c13 : -0.00891814
c14 : -0.00660914
c1t : 0.00000000
c1b : -0.02086640
c23 : -0.00432864
c24 : -0.00847152
c2t : 0.00000000
c2b : -0.00197833
