c12 : -0.01859188
c13 : -0.02672506
c14 : -0.00707105
c1t : 0.00000000
c1b : -0.01281744
c23 : -0.00725078
c24 : -0.02474988
c2t : 0.00000000
c2b : -0.00592440
