c12 : -0.01414864
c13 : -0.10636469
c14 : -0.01619104
c1t : 0.00000000
c1b : -0.01084596
c23 : -0.00283187
c24 : -0.08556367
c2t : 0.00000000
c2b : -0.00062286
