c12 : -0.02399367
c13 : -0.03062109
c14 : -0.01237062
c1t : 0.00000000
c1b : -0.01588262
c23 : -0.00705271
c24 : -0.02350725
c2t : 0.00000000
c2b : -0.00310684
