c12 : -0.02404885
c13 : -0.07317180
c14 : -0.05954302
c1t : 0.00000000
c1b : -0.05529602
c23 : -0.00176236
c24 : -0.04484845
c2t : 0.00000000
c2b : -0.00257482
