c12 : -0.00940124
c13 : -0.11413088
c14 : -0.00653642
c1t : 0.00000000
c1b : -0.00621728
c23 : -0.00935979
c24 : -0.09382824
c2t : 0.00000000
c2b : -0.00046598
