c12 : -0.03719084
c13 : -0.00898512
c14 : -0.04801652
c1t : 0.00000000
c1b : -0.05756018
c23 : -0.00170466
c24 : -0.00596479
c2t : 0.00000000
c2b : -0.00018793
