c12 : -0.01806820
c13 : -0.02836237
c14 : -0.00603871
c1t : 0.00000000
c1b : -0.01015151
c23 : -0.00839936
c24 : -0.02334774
c2t : 0.00000000
c2b : -0.00075048
