c12 : -0.02029134
c13 : -0.01760445
c14 : -0.00535437
c1t : 0.00000000
c1b : -0.01219825
c23 : -0.00758742
c24 : -0.01532869
c2t : 0.00000000
c2b : -0.00132204
