c12 : -0.02353635
c13 : -0.02864335
c14 : -0.01190794
c1t : 0.00000000
c1b : -0.01490468
c23 : -0.00342914
c24 : -0.02335998
c2t : 0.00000000
c2b : -0.00080845
