c12 : -0.02864947
c13 : -0.00903851
c14 : -0.00724136
c1t : 0.00000000
c1b : -0.02300305
c23 : -0.00385652
c24 : -0.00913749
c2t : 0.00000000
c2b : -0.00620352
