c12 : -0.01388820
c13 : -0.05750363
c14 : -0.00705468
c1t : 0.00000000
c1b : -0.00877632
c23 : -0.01164260
c24 : -0.04624880
c2t : 0.00000000
c2b : -0.00325049
