c12 : -0.01391580
c13 : -0.05607495
c14 : -0.00722552
c1t : 0.00000000
c1b : -0.00974657
c23 : -0.00874596
c24 : -0.04677331
c2t : 0.00000000
c2b : -0.00527337
