c12 : -0.02930718
c13 : -0.03275449
c14 : -0.06192808
c1t : 0.00000000
c1b : -0.05159558
c23 : -0.00177560
c24 : -0.02127540
c2t : 0.00000000
c2b : -0.00015765
