c12 : -0.01852090
c13 : -0.02796533
c14 : -0.00669020
c1t : 0.00000000
c1b : -0.01208058
c23 : -0.00801489
c24 : -0.02438519
c2t : 0.00000000
c2b : -0.00553163
