c12 : -0.01643876
c13 : -0.11500462
c14 : -0.04901640
c1t : 0.00000000
c1b : -0.04757143
c23 : -0.00035789
c24 : -0.09325997
c2t : 0.00000000
c2b : -0.00036578
