c12 : -0.01372676
c13 : -0.19462186
c14 : -0.04623924
c1t : 0.00000000
c1b : -0.04557789
c23 : -0.00046443
c24 : -0.15736905
c2t : 0.00000000
c2b : -0.00026977
