c12 : -0.01394566
c13 : -0.11361221
c14 : -0.01769338
c1t : 0.00000000
c1b : -0.01474355
c23 : -0.00330963
c24 : -0.09440994
c2t : 0.00000000
c2b : -0.00500383
