c12 : -0.01358503
c13 : -0.05671738
c14 : -0.00651571
c1t : 0.00000000
c1b : -0.00764310
c23 : -0.00911682
c24 : -0.04591766
c2t : 0.00000000
c2b : -0.00047025
