c12 : -0.02227671
c13 : -0.00748393
c14 : -0.00426007
c1t : 0.00000000
c1b : -0.01577836
c23 : -0.00438366
c24 : -0.00924294
c2t : 0.00000000
c2b : -0.00313283
