c12 : -0.01157073
c13 : -0.19226618
c14 : -0.01712021
c1t : 0.00000000
c1b : -0.01265195
c23 : -0.00396974
c24 : -0.15816309
c2t : 0.00000000
c2b : -0.00459452
