c12 : -0.02595043
c13 : -0.01659158
c14 : -0.00979669
c1t : 0.00000000
c1b : -0.01759200
c23 : -0.00312607
c24 : -0.01545261
c2t : 0.00000000
c2b : -0.00124843
