c12 : -0.02949709
c13 : -0.02889421
c14 : -0.06191524
c1t : 0.00000000
c1b : -0.05254921
c23 : -0.00040277
c24 : -0.02148136
c2t : 0.00000000
c2b : -0.00041082
