c12 : -0.02229552
c13 : -0.06274241
c14 : -0.05489464
c1t : 0.00000000
c1b : -0.04794091
c23 : -0.00169615
c24 : -0.04466645
c2t : 0.00000000
c2b : -0.00006819
