c12 : -0.01695096
c13 : -0.11193570
c14 : -0.04974090
c1t : 0.00000000
c1b : -0.04592170
c23 : -0.00157303
c24 : -0.08468449
c2t : 0.00000000
c2b : -0.00005956
