c12 : -0.03900860
c13 : -0.01217404
c14 : -0.04964270
c1t : 0.00000000
c1b : -0.06181973
c23 : -0.00167114
c24 : -0.00648434
c2t : 0.00000000
c2b : -0.00281973
