c12 : -0.01803447
c13 : -0.12506604
c14 : -0.05443852
c1t : 0.00000000
c1b : -0.05681308
c23 : -0.00128147
c24 : -0.09272768
c2t : 0.00000000
c2b : -0.00261095
