c12 : -0.01413520
c13 : -0.10808710
c14 : -0.01610345
c1t : 0.00000000
c1b : -0.01043263
c23 : -0.00439039
c24 : -0.08532222
c2t : 0.00000000
c2b : -0.00026377
