c12 : -0.01375663
c13 : -0.11821874
c14 : -0.01673532
c1t : 0.00000000
c1b : -0.01152111
c23 : -0.00682641
c24 : -0.09380704
c2t : 0.00000000
c2b : -0.00265977
