c12 : -0.02081477
c13 : -0.01641616
c14 : -0.00641594
c1t : 0.00000000
c1b : -0.01458711
c23 : -0.00654353
c24 : -0.01657722
c2t : 0.00000000
c2b : -0.00643888
