c12 : -0.02223059
c13 : -0.00795536
c14 : -0.00414749
c1t : 0.00000000
c1b : -0.01562053
c23 : -0.00464638
c24 : -0.00904586
c2t : 0.00000000
c2b : -0.00309824
