c12 : -0.01806390
c13 : -0.02748133
c14 : -0.00609812
c1t : 0.00000000
c1b : -0.01038253
c23 : -0.00686967
c24 : -0.02373353
c2t : 0.00000000
c2b : -0.00108347
