c12 : -0.01780279
c13 : -0.13675062
c14 : -0.05415687
c1t : 0.00000000
c1b : -0.04952292
c23 : -0.00265469
c24 : -0.09291217
c2t : 0.00000000
c2b : -0.00159371
