c12 : -0.00940526
c13 : -0.11285802
c14 : -0.00665263
c1t : 0.00000000
c1b : -0.00653584
c23 : -0.00769827
c24 : -0.09407403
c2t : 0.00000000
c2b : -0.00081620
