c12 : -0.06361505
c1t : 0.00000000
c1b : -0.02410234
c1tb : 0.00000000
c1e : -0.01236946
