c12 : -0.08633491
c1t : 0.00000000
c1b : -0.00332317
c1tb : 0.00000000
c1e : -0.00929420
