c12 : -0.09194643
c1t : 0.00000000
c1b : -0.00290999
c1tb : 0.00000000
c1e : -0.00525238
