c12 : -0.15689939
c1t : 0.00000000
c1b : -0.00302427
c1tb : 0.00000000
c1e : -0.00964358
