c12 : -0.10983095
c1t : 0.00000000
c1b : -0.01582202
c1tb : 0.00000000
c1e : 0.00000000
