c12 : -0.02722240
c1t : 0.00000000
c1b : -0.00668683
c1tb : 0.00000000
c1e : -0.00265572
