c12 : -0.10173015
c1t : 0.00000000
c1b : -0.01583167
c1tb : 0.00000000
c1e : 0.00000000
