c12 : -0.11054659
c1t : 0.00000000
c1b : -0.00936395
c1tb : 0.00000000
c1e : 0.00000000
