c12 : -0.01092634
c1t : 0.00000000
c1b : -0.02196294
c1tb : 0.00000000
c1e : 0.00000000
