c12 : -0.02038099
c1t : 0.00000000
c1b : -0.02802767
c1tb : 0.00000000
c1e : -0.00838012
