c12 : -0.02229461
c1t : 0.00000000
c1b : -0.01230065
c1tb : 0.00000000
c1e : 0.00000000
