c12 : -0.02492611
c1t : 0.00000000
c1b : -0.00771308
c1tb : 0.00000000
c1e : -0.00866388
