c12 : -0.02286988
c1t : 0.00000000
c1b : -0.02991473
c1tb : 0.00000000
c1e : -0.00535158
