c12 : -0.11286499
c1t : 0.00000000
c1b : -0.00341779
c1tb : 0.00000000
c1e : -0.00195636
