c12 : -0.02752898
c1t : 0.00000000
c1b : -0.00732442
c1tb : 0.00000000
c1e : -0.00283780
