c12 : -0.01258272
c1t : 0.00000000
c1b : -0.01744086
c1tb : 0.00000000
c1e : 0.00000000
