c12 : -0.02300396
c1t : 0.00000000
c1b : -0.00730409
c1tb : 0.00000000
c1e : -0.00490290
