c12 : -0.01213735
c1t : 0.00000000
c1b : -0.03267969
c1tb : 0.00000000
c1e : -0.00633047
