c12 : -0.01240415
c1t : 0.00000000
c1b : -0.01196917
c1tb : 0.00000000
c1e : -0.00286144
