c12 : -0.01695924
c1t : 0.00000000
c1b : -0.00863704
c1tb : 0.00000000
c1e : -0.00460613
