c12 : -0.03912674
c1t : 0.00000000
c1b : -0.00802101
c1tb : 0.00000000
c1e : -0.00615029
