c12 : -0.11532730
c1t : 0.00000000
c1b : -0.00407579
c1tb : 0.00000000
c1e : -0.00218785
