c12 : -0.07035717
c1t : 0.00000000
c1b : -0.00598714
c1tb : 0.00000000
c1e : -0.00275214
