c12 : -0.19484222
c1t : 0.00000000
c1b : -0.02025518
c1tb : 0.00000000
c1e : -0.00588626
