c12 : -0.06329999
c1t : 0.00000000
c1b : -0.02248082
c1tb : 0.00000000
c1e : -0.00578680
