c12 : -0.12009645
c1t : 0.00000000
c1b : -0.00526083
c1tb : 0.00000000
c1e : -0.00260114
