c12 : -0.18284260
c1t : 0.00000000
c1b : -0.03358177
c1tb : 0.00000000
c1e : 0.00000000
