c12 : -0.06520527
c1t : 0.00000000
c1b : -0.01417024
c1tb : 0.00000000
c1e : 0.00000000
