c12 : -0.19632994
c1t : 0.00000000
c1b : -0.02702217
c1tb : 0.00000000
c1e : 0.00000000
