c12 : -0.01144151
c1t : 0.00000000
c1b : -0.00745766
c1tb : 0.00000000
c1e : -0.00541368
