c12 : -0.02751663
c1t : 0.00000000
c1b : -0.00688147
c1tb : 0.00000000
c1e : -0.00613614
