c12 : -0.01234783
c1t : 0.00000000
c1b : -0.01333084
c1tb : 0.00000000
c1e : -0.00510432
