c12 : -0.03565820
c1t : 0.00000000
c1b : -0.00867043
c1tb : 0.00000000
c1e : -0.00751698
