c12 : -0.04333911
c1t : 0.00000000
c1b : -0.01300358
c1tb : 0.00000000
c1e : 0.00000000
