c12 : -0.03818604
c1t : 0.00000000
c1b : -0.00392091
c1tb : 0.00000000
c1e : -0.00543674
