c12 : -0.05417673
c1t : 0.00000000
c1b : -0.00656102
c1tb : 0.00000000
c1e : -0.00284494
