c12 : -0.01876067
c1t : 0.00000000
c1b : -0.01097777
c1tb : 0.00000000
c1e : -0.00525177
