c12 : -0.09970791
c1t : 0.00000000
c1b : -0.00421419
c1tb : 0.00000000
c1e : -0.00504640
