c12 : -0.02704217
c1t : 0.00000000
c1b : -0.02604149
c1tb : 0.00000000
c1e : -0.00954355
