c12 : -0.02944140
c1t : 0.00000000
c1b : -0.02567820
c1tb : 0.00000000
c1e : -0.01273574
