c12 : -0.01722600
c1t : 0.00000000
c1b : -0.03088902
c1tb : 0.00000000
c1e : -0.00676393
