c12 : -0.01110828
c1t : 0.00000000
c1b : -0.01082114
c1tb : 0.00000000
c1e : -0.00453551
