c12 : -0.01230191
c1t : 0.00000000
c1b : -0.01125717
c1tb : 0.00000000
c1e : -0.00281240
