c12 : -0.11302882
c1t : 0.00000000
c1b : -0.02182234
c1tb : 0.00000000
c1e : -0.01358678
