c12 : -0.03466189
c1t : 0.00000000
c1b : -0.02469869
c1tb : 0.00000000
c1e : -0.01056572
