c12 : -0.02487908
c1t : 0.00000000
c1b : -0.01820834
c1tb : 0.00000000
c1e : 0.00000000
