c12 : -0.12170136
c1t : 0.00000000
c1b : -0.00923310
c1tb : 0.00000000
c1e : 0.00000000
