c12 : -0.03797329
c1t : 0.00000000
c1b : -0.00666370
c1tb : 0.00000000
c1e : -0.01020769
