c12 : -0.07221097
c1t : 0.00000000
c1b : -0.01003384
c1tb : 0.00000000
c1e : 0.00000000
