c12 : -0.03815443
c1t : 0.00000000
c1b : -0.02508921
c1tb : 0.00000000
c1e : -0.00900207
