c12 : -0.03549805
c1t : 0.00000000
c1b : -0.01570977
c1tb : 0.00000000
c1e : 0.00000000
