c12 : -0.04319660
c1t : 0.00000000
c1b : -0.00598837
c1tb : 0.00000000
c1e : -0.00720743
