c12 : -0.04639480
c1t : 0.00000000
c1b : -0.01149423
c1tb : 0.00000000
c1e : 0.00000000
