c12 : -0.05843949
c1t : 0.00000000
c1b : -0.01253549
c1tb : 0.00000000
c1e : 0.00000000
