c12 : -0.05382398
c1t : 0.00000000
c1b : -0.02367022
c1tb : 0.00000000
c1e : -0.00982742
