c12 : -0.11334894
c1t : 0.00000000
c1b : -0.00616750
c1tb : 0.00000000
c1e : -0.00667284
