c12 : -0.11094119
c1t : 0.00000000
c1b : -0.02340738
c1tb : 0.00000000
c1e : -0.01333346
