c12 : -0.17409281
c1t : 0.00000000
c1b : -0.01585772
c1tb : 0.00000000
c1e : 0.00000000
