c12 : -0.04421513
c1t : 0.00000000
c1b : -0.00816548
c1tb : 0.00000000
c1e : -0.00797023
