c12 : -0.17165978
c1t : 0.00000000
c1b : -0.00411069
c1tb : 0.00000000
c1e : -0.00502041
