c12 : -0.05248445
c1t : 0.00000000
c1b : -0.02269042
c1tb : 0.00000000
c1e : -0.00573267
