c12 : -0.03462890
c1t : 0.00000000
c1b : -0.00571973
c1tb : 0.00000000
c1e : -0.00247498
