c12 : -0.00826195
c1t : 0.00000000
c1b : -0.00887704
c1tb : 0.00000000
c1e : -0.00453907
