c12 : -0.01711191
c1t : 0.00000000
c1b : -0.02871168
c1tb : 0.00000000
c1e : -0.00932123
