c12 : -0.10798424
c1t : 0.00000000
c1b : -0.00416519
c1tb : 0.00000000
c1e : -0.00502086
