c12 : -0.02680245
c1t : 0.00000000
c1b : -0.02722128
c1tb : 0.00000000
c1e : -0.00935394
