c12 : -0.11145053
c1t : 0.00000000
c1b : -0.00542366
c1tb : 0.00000000
c1e : -0.00261168
