c12 : -0.13174641
c1t : 0.00000000
c1b : -0.02741439
c1tb : 0.00000000
c1e : 0.00000000
