c12 : -0.12304909
c1t : 0.00000000
c1b : -0.02762694
c1tb : 0.00000000
c1e : 0.00000000
