c12 : -0.00733763
c1t : 0.00000000
c1b : -0.01304936
c1tb : 0.00000000
c1e : -0.00451219
