c12 : -0.01343470
c1t : 0.00000000
c1b : -0.00703293
c1tb : 0.00000000
c1e : -0.00458730
