c12 : -0.02646780
c1t : 0.00000000
c1b : -0.00488972
c1tb : 0.00000000
c1e : -0.00749007
