c12 : -0.16678625
c1t : 0.00000000
c1b : -0.00459047
c1tb : 0.00000000
c1e : -0.00709036
