c12 : -0.01499788
c1t : 0.00000000
c1b : -0.01995451
c1tb : 0.00000000
c1e : 0.00000000
