c12 : -0.01376662
c1t : 0.00000000
c1b : -0.01387690
c1tb : 0.00000000
c1e : -0.00320243
