c12 : -0.04823235
c1t : 0.00000000
c1b : -0.02471978
c1tb : 0.00000000
c1e : -0.01150115
