c12 : -0.01244481
c1t : 0.00000000
c1b : -0.01036515
c1tb : 0.00000000
c1e : -0.00415109
