c12 : -0.03015266
c1t : 0.00000000
c1b : -0.00635431
c1tb : 0.00000000
c1e : -0.00507421
