c12 : -0.10593598
c1t : 0.00000000
c1b : -0.02184920
c1tb : 0.00000000
c1e : -0.01392993
