c12 : -0.09527449
c1t : 0.00000000
c1b : -0.00473504
c1tb : 0.00000000
c1e : -0.00707936
