c12 : -0.16311200
c1t : 0.00000000
c1b : -0.00545877
c1tb : 0.00000000
c1e : -0.01364988
