c12 : -0.04754307
c1t : 0.00000000
c1b : -0.03072468
c1tb : 0.00000000
c1e : 0.00000000
