c12 : -0.02299929
c1t : 0.00000000
c1b : -0.01479132
c1tb : 0.00000000
c1e : 0.00000000
