c12 : -0.02998511
c1t : 0.00000000
c1b : -0.00424520
c1tb : 0.00000000
c1e : -0.00218678
