c12 : -0.02536879
c1t : 0.00000000
c1b : -0.00952409
c1tb : 0.00000000
c1e : -0.00569276
