c12 : -0.05959285
c1t : 0.00000000
c1b : -0.00764529
c1tb : 0.00000000
c1e : -0.00851261
