c12 : -0.06711245
c1t : 0.00000000
c1b : -0.00722905
c1tb : 0.00000000
c1e : 0.00000000
