c12 : -0.03442244
c1t : 0.00000000
c1b : -0.00654130
c1tb : 0.00000000
c1e : -0.00689836
