c12 : -0.03580908
c1t : 0.00000000
c1b : -0.00587493
c1tb : 0.00000000
c1e : -0.00514286
