c12 : -0.00975137
c1t : 0.00000000
c1b : -0.00847414
c1tb : 0.00000000
c1e : -0.00405330
