c12 : -0.01067046
c1t : 0.00000000
c1b : -0.01451625
c1tb : 0.00000000
c1e : -0.00426081
