c12 : -0.02039342
c1t : 0.00000000
c1b : -0.02903809
c1tb : 0.00000000
c1e : -0.00832884
