c12 : -0.02215176
c1t : 0.00000000
c1b : -0.02948353
c1tb : 0.00000000
c1e : -0.00518436
