c12 : -0.05438195
c1t : 0.00000000
c1b : -0.02994714
c1tb : 0.00000000
c1e : 0.00000000
