c12 : -0.04115931
c1t : 0.00000000
c1b : -0.00576845
c1tb : 0.00000000
c1e : -0.00264477
