c12 : -0.19284391
c1t : 0.00000000
c1b : -0.01982897
c1tb : 0.00000000
c1e : -0.00592625
