c12 : -0.01857768
c1t : 0.00000000
c1b : -0.00868824
c1tb : 0.00000000
c1e : -0.00756345
