c12 : -0.04246403
c1t : 0.00000000
c1b : -0.02444561
c1tb : 0.00000000
c1e : -0.01494205
