c12 : -0.00865681
c1t : 0.00000000
c1b : -0.01268575
c1tb : 0.00000000
c1e : -0.00425601
