c12 : -0.03041650
c1t : 0.00000000
c1b : -0.00880326
c1tb : 0.00000000
c1e : -0.00314589
