c12 : -0.04493287
c1t : 0.00000000
c1b : -0.00715140
c1tb : 0.00000000
c1e : -0.00294073
