c12 : -0.01535683
c1t : 0.00000000
c1b : -0.03134398
c1tb : 0.00000000
c1e : -0.00725277
