c12 : -0.01712709
c1t : 0.00000000
c1b : -0.01604532
c1tb : 0.00000000
c1e : 0.00000000
