c12 : -0.01492265
c1t : 0.00000000
c1b : -0.04142211
c1tb : 0.00000000
c1e : 0.00000000
