c12 : -0.02324406
c1t : 0.00000000
c1b : -0.00516223
c1tb : 0.00000000
c1e : -0.00235956
