c12 : -0.03000350
c1t : 0.00000000
c1b : -0.03383959
c1tb : 0.00000000
c1e : 0.00000000
