c12 : -0.17701750
c1t : 0.00000000
c1b : -0.00618734
c1tb : 0.00000000
c1e : -0.00663995
