c12 : -0.02356736
c1t : 0.00000000
c1b : -0.03650564
c1tb : 0.00000000
c1e : 0.00000000
