c12 : -0.05298830
c1t : 0.00000000
c1b : -0.00347736
c1tb : 0.00000000
c1e : -0.00537052
