c12 : -0.16909413
c1t : 0.00000000
c1b : -0.01167332
c1tb : 0.00000000
c1e : 0.00000000
