c12 : -0.01361990
c1t : 0.00000000
c1b : -0.03307072
c1tb : 0.00000000
c1e : -0.00613137
