c12 : -0.10748818
c1t : 0.00000000
c1b : -0.00475011
c1tb : 0.00000000
c1e : -0.00789092
