c12 : -0.09428764
c1t : 0.00000000
c1b : -0.00326381
c1tb : 0.00000000
c1e : -0.00937990
