c12 : -0.00440082
c13 : -0.06865367
c14 : -0.00643987
c1t : 0.00000000
c1b : -0.01193538
c23 : -0.00537703
c24 : -0.05351299
c2t : 0.00000000
c2b : -0.00026205
