c12 : -0.00804560
c13 : -0.02315273
c14 : -0.00663390
c1t : 0.00000000
c1b : -0.01771014
c23 : -0.00404099
c24 : -0.02088887
c2t : 0.00000000
c2b : -0.00081382
