c12 : -0.00276187
c13 : -0.11196075
c14 : -0.00496658
c1t : 0.00000000
c1b : -0.00909943
c23 : -0.00688277
c24 : -0.09542330
c2t : 0.00000000
c2b : -0.00592630
