c12 : -0.00219341
c13 : -0.19875693
c14 : -0.00447716
c1t : 0.00000000
c1b : -0.00678679
c23 : -0.01033514
c24 : -0.16703545
c2t : 0.00000000
c2b : -0.00357138
