c12 : -0.00805880
c13 : -0.02174405
c14 : -0.00677349
c1t : 0.00000000
c1b : -0.01809141
c23 : -0.00366629
c24 : -0.02100461
c2t : 0.00000000
c2b : -0.00084850
