c12 : -0.00753957
c13 : -0.03676464
c14 : -0.00789269
c1t : 0.00000000
c1b : -0.01720099
c23 : -0.00541995
c24 : -0.03165309
c2t : 0.00000000
c2b : -0.00551999
