c12 : -0.00524023
c13 : -0.19800520
c14 : -0.01743257
c1t : 0.00000000
c1b : -0.04709471
c23 : -0.00037509
c24 : -0.16478650
c2t : 0.00000000
c2b : -0.00028744
