c12 : -0.00604718
c13 : -0.12771498
c14 : -0.01828551
c1t : 0.00000000
c1b : -0.04656993
c23 : -0.00048748
c24 : -0.10086157
c2t : 0.00000000
c2b : -0.00028656
