c12 : -0.00538535
c13 : -0.06465736
c14 : -0.00833780
c1t : 0.00000000
c1b : -0.01654470
c23 : -0.00441081
c24 : -0.05586049
c2t : 0.00000000
c2b : -0.00590436
