c12 : -0.00313697
c13 : -0.06506651
c14 : -0.00414111
c1t : 0.00000000
c1b : -0.00773740
c23 : -0.00702977
c24 : -0.05363103
c2t : 0.00000000
c2b : -0.00033997
