c12 : -0.00205111
c13 : -0.12110630
c14 : -0.00391053
c1t : 0.00000000
c1b : -0.00674846
c23 : -0.00503080
c24 : -0.10178488
c2t : 0.00000000
c2b : -0.00060101
