c12 : -0.00528868
c13 : -0.06752879
c14 : -0.00780343
c1t : 0.00000000
c1b : -0.01481156
c23 : -0.00534814
c24 : -0.05566042
c2t : 0.00000000
c2b : -0.00545212
