c12 : -0.01015133
c13 : -0.06963655
c14 : -0.02560236
c1t : 0.00000000
c1b : -0.05683341
c23 : -0.00144648
c24 : -0.05428814
c2t : 0.00000000
c2b : -0.00377551
