c12 : -0.00582568
c13 : -0.03598423
c14 : -0.00541336
c1t : 0.00000000
c1b : -0.01154031
c23 : -0.00974978
c24 : -0.03153618
c2t : 0.00000000
c2b : -0.00404007
