c12 : -0.00302495
c13 : -0.20410569
c14 : -0.00702004
c1t : 0.00000000
c1b : -0.01103983
c23 : -0.00843987
c24 : -0.16685320
c2t : 0.00000000
c2b : -0.00333360
