c12 : -0.00623800
c13 : -0.02180863
c14 : -0.00467164
c1t : 0.00000000
c1b : -0.01287249
c23 : -0.00538125
c24 : -0.02103553
c2t : 0.00000000
c2b : -0.00095711
