c12 : -0.01625717
c13 : -0.01180790
c14 : -0.02235520
c1t : 0.00000000
c1b : -0.05931635
c23 : -0.00077587
c24 : -0.01102907
c2t : 0.00000000
c2b : -0.00050011
