c12 : -0.00313652
c13 : -0.19645138
c14 : -0.00811084
c1t : 0.00000000
c1b : -0.01554511
c23 : -0.00409632
c24 : -0.16723239
c2t : 0.00000000
c2b : -0.00600125
