c12 : -0.00686592
c13 : -0.19908486
c14 : -0.02342390
c1t : 0.00000000
c1b : -0.05605921
c23 : -0.00135834
c24 : -0.16666161
c2t : 0.00000000
c2b : -0.00376946
