c12 : -0.00751425
c13 : -0.13653584
c14 : -0.02352071
c1t : 0.00000000
c1b : -0.04903221
c23 : -0.00332716
c24 : -0.10201020
c2t : 0.00000000
c2b : -0.00236080
