c12 : -0.00303444
c13 : -0.12537558
c14 : -0.00618017
c1t : 0.00000000
c1b : -0.01085105
c23 : -0.00370305
c24 : -0.10170627
c2t : 0.00000000
c2b : -0.00051212
