c12 : -0.00804882
c13 : -0.11626902
c14 : -0.02429823
c1t : 0.00000000
c1b : -0.05617176
c23 : -0.00143509
c24 : -0.09384922
c2t : 0.00000000
c2b : -0.00369596
