c12 : -0.00624740
c13 : -0.12145809
c14 : -0.01830309
c1t : 0.00000000
c1b : -0.04595621
c23 : -0.00144656
c24 : -0.09225476
c2t : 0.00000000
c2b : -0.00012519
