c12 : -0.00921821
c13 : -0.02274628
c14 : -0.00785445
c1t : 0.00000000
c1b : -0.02042742
c23 : -0.00467100
c24 : -0.02244145
c2t : 0.00000000
c2b : -0.00609710
