c12 : -0.00226149
c13 : -0.10765616
c14 : -0.00416240
c1t : 0.00000000
c1b : -0.00763437
c23 : -0.00413957
c24 : -0.09361440
c2t : 0.00000000
c2b : -0.00067735
