c12 : -0.00806432
c13 : -0.02414190
c14 : -0.00658954
c1t : 0.00000000
c1b : -0.01748196
c23 : -0.00534808
c24 : -0.02045538
c2t : 0.00000000
c2b : -0.00060654
