c12 : -0.01321826
c13 : -0.04204740
c14 : -0.02728603
c1t : 0.00000000
c1b : -0.05692030
c23 : -0.00182768
c24 : -0.03075373
c2t : 0.00000000
c2b : -0.00376975
