c12 : -0.00216189
c13 : -0.19681887
c14 : -0.00476507
c1t : 0.00000000
c1b : -0.00859706
c23 : -0.00681234
c24 : -0.16741526
c2t : 0.00000000
c2b : -0.00593246
