c12 : -0.00256593
c13 : -0.19676012
c14 : -0.00620751
c1t : 0.00000000
c1b : -0.01144780
c23 : -0.00287340
c24 : -0.16536473
c2t : 0.00000000
c2b : -0.00056180
