c12 : -0.01109998
c13 : -0.01293192
c14 : -0.00639128
c1t : 0.00000000
c1b : -0.02292330
c23 : -0.00678245
c24 : -0.01322119
c2t : 0.00000000
c2b : -0.00508544
