c12 : -0.00386734
c13 : -0.11592450
c14 : -0.00769663
c1t : 0.00000000
c1b : -0.01367680
c23 : -0.00523122
c24 : -0.09516574
c2t : 0.00000000
c2b : -0.00547356
