c12 : -0.01877385
c13 : -0.01646304
c14 : -0.02474989
c1t : 0.00000000
c1b : -0.06178042
c23 : -0.00321953
c24 : -0.01212832
c2t : 0.00000000
c2b : -0.00290803
