c12 : -0.00362974
c13 : -0.12781523
c14 : -0.00724640
c1t : 0.00000000
c1b : -0.01161809
c23 : -0.00824792
c24 : -0.10309494
c2t : 0.00000000
c2b : -0.00338758
