c12 : -0.00659812
c13 : -0.20557393
c14 : -0.02327263
c1t : 0.00000000
c1b : -0.05260947
c23 : -0.00173522
c24 : -0.16634165
c2t : 0.00000000
c2b : -0.00356647
