c12 : -0.01553394
c13 : -0.02832132
c14 : -0.02779321
c1t : 0.00000000
c1b : -0.05913193
c23 : -0.00191109
c24 : -0.02113225
c2t : 0.00000000
c2b : -0.00380150
