c12 : -0.00259891
c13 : -0.12356033
c14 : -0.00466660
c1t : 0.00000000
c1b : -0.00739194
c23 : -0.01023019
c24 : -0.10316522
c2t : 0.00000000
c2b : -0.00364949
