c12 : -0.00322742
c13 : -0.11120047
c14 : -0.00643990
c1t : 0.00000000
c1b : -0.01193317
c23 : -0.00298568
c24 : -0.09351458
c2t : 0.00000000
c2b : -0.00059703
