c12 : -0.00984723
c13 : -0.01207681
c14 : -0.00562415
c1t : 0.00000000
c1b : -0.02159583
c23 : -0.00496630
c24 : -0.01212481
c2t : 0.00000000
c2b : -0.00151682
