c12 : -0.00637656
c13 : -0.11306709
c14 : -0.01848868
c1t : 0.00000000
c1b : -0.04799572
c23 : -0.00031934
c24 : -0.09273893
c2t : 0.00000000
c2b : -0.00034295
