c12 : -0.00323073
c13 : -0.06057145
c14 : -0.00444567
c1t : 0.00000000
c1b : -0.00881511
c23 : -0.00449867
c24 : -0.05418677
c2t : 0.00000000
c2b : -0.00063117
