c12 : -0.00492016
c13 : -0.03508013
c14 : -0.00461859
c1t : 0.00000000
c1b : -0.01033232
c23 : -0.00700200
c24 : -0.02987453
c2t : 0.00000000
c2b : -0.00045828
