c12 : -0.00315615
c13 : -0.06345660
c14 : -0.00423258
c1t : 0.00000000
c1b : -0.00810735
c23 : -0.00529028
c24 : -0.05407655
c2t : 0.00000000
c2b : -0.00057296
