c12 : -0.00760018
c13 : -0.03497700
c14 : -0.00834220
c1t : 0.00000000
c1b : -0.01838055
c23 : -0.00466564
c24 : -0.03191167
c2t : 0.00000000
c2b : -0.00591230
