c12 : -0.00950751
c13 : 0.00000000
c14 : 0.00000000
c1t : 0.00000000
c1b : -0.02657912
c23 : 0.00000000
c24 : 0.00000000
c2t : 0.00000000
c2b : -0.01683821
