c12 : -0.00273059
c13 : -0.11786971
c14 : -0.00545128
c1t : 0.00000000
c1b : -0.01071992
c23 : -0.00548093
c24 : -0.10378864
c2t : 0.00000000
c2b : -0.00649706
