c12 : -0.01544805
c13 : -0.03073709
c14 : -0.02751045
c1t : 0.00000000
c1b : -0.05739171
c23 : -0.00333027
c24 : -0.02095411
c2t : 0.00000000
c2b : -0.00264797
