c12 : -0.00284702
c13 : -0.10826471
c14 : -0.00546584
c1t : 0.00000000
c1b : -0.01077530
c23 : -0.00550915
c24 : -0.09559005
c2t : 0.00000000
c2b : -0.00648101
