c12 : -0.00763448
c13 : -0.13087858
c14 : -0.02391810
c1t : 0.00000000
c1b : -0.05298069
c23 : -0.00178945
c24 : -0.10209268
c2t : 0.00000000
c2b : -0.00349880
