c12 : -0.00909573
c13 : -0.01074196
c14 : -0.00503065
c1t : 0.00000000
c1b : -0.01880980
c23 : -0.00525031
c24 : -0.01403682
c2t : 0.00000000
c2b : -0.00745008
