c12 : -0.00986509
c13 : -0.01144183
c14 : -0.00568906
c1t : 0.00000000
c1b : -0.02172574
c23 : -0.00369048
c24 : -0.01253678
c2t : 0.00000000
c2b : -0.00169696
