c12 : -0.01877883
c13 : -0.01472086
c14 : -0.02501817
c1t : 0.00000000
c1b : -0.06258214
c23 : -0.00183276
c24 : -0.01223078
c2t : 0.00000000
c2b : -0.00391793
