c12 : -0.00974399
c13 : -0.07802401
c14 : -0.02524489
c1t : 0.00000000
c1b : -0.05102433
c23 : -0.00330648
c24 : -0.05404992
c2t : 0.00000000
c2b : -0.00246904
