c12 : -0.01332221
c13 : -0.02300166
c14 : -0.02380684
c1t : 0.00000000
c1b : -0.05544740
c23 : -0.00055336
c24 : -0.01986883
c2t : 0.00000000
c2b : -0.00037350
