c12 : -0.00730291
c13 : -0.02258212
c14 : -0.00551137
c1t : 0.00000000
c1b : -0.01470166
c23 : -0.00671361
c24 : -0.02249276
c2t : 0.00000000
c2b : -0.00620634
