c12 : -0.00625730
c13 : -0.11783264
c14 : -0.01849714
c1t : 0.00000000
c1b : -0.04676519
c23 : -0.00048642
c24 : -0.09263164
c2t : 0.00000000
c2b : -0.00029813
