c12 : -0.00737206
c13 : -0.02121126
c14 : -0.00578859
c1t : 0.00000000
c1b : -0.01549678
c23 : -0.00594431
c24 : -0.02270550
c2t : 0.00000000
c2b : -0.00659767
