c12 : -0.00216397
c13 : -0.11130211
c14 : -0.00393559
c1t : 0.00000000
c1b : -0.00685481
c23 : -0.00504470
c24 : -0.09356216
c2t : 0.00000000
c2b : -0.00059956
