c12 : -0.00647386
c13 : -0.03596134
c14 : -0.00688165
c1t : 0.00000000
c1b : -0.01510980
c23 : -0.00403414
c24 : -0.03015355
c2t : 0.00000000
c2b : -0.00056550
