c12 : -0.00378443
c13 : -0.11788570
c14 : -0.00728411
c1t : 0.00000000
c1b : -0.01175799
c23 : -0.00821211
c24 : -0.09489244
c2t : 0.00000000
c2b : -0.00340496
