c12 : -0.00808914
c13 : -0.07188237
c14 : -0.02024754
c1t : 0.00000000
c1b : -0.04795076
c23 : -0.00150599
c24 : -0.05269292
c2t : 0.00000000
c2b : -0.00013445
