c12 : -0.00246882
c13 : -0.20169497
c14 : -0.00595246
c1t : 0.00000000
c1b : -0.01032233
c23 : -0.00359030
c24 : -0.16548300
c2t : 0.00000000
c2b : -0.00049764
