c12 : -0.01113412
c13 : -0.03973539
c14 : -0.02264484
c1t : 0.00000000
c1b : -0.05160530
c23 : -0.00159156
c24 : -0.02913819
c2t : 0.00000000
c2b : -0.00014293
