botleft : -0.00490913
botright : -0.00459714
c1 : 0.26600593
c1Env : -0.10289223
c2 : -0.09837225
c2Env : -0.00251476
d1 : -0.04167496
d2 : -0.01070832
d2Env : -0.00070924
