botleft : -0.00430228
botright : -0.00586441
c1 : 0.15435101
c1Env : -0.09733455
c2 : -0.00878869
c2Env : -0.00184856
d1 : -0.03197962
d2 : -0.00320444
d2Env : -0.00132558
