botleft : -0.00626579
botright : -0.00606538
c1 : 0.14881115
c1Env : -0.03892509
c2 : -0.04419605
c2Env : -0.00182925
d1 : -0.04608500
d2 : -0.00446089
d2Env : -0.00115159
