botleft : -0.00749075
botright : -0.00903420
c1 : 0.12690403
c1Env : -0.03962096
c2 : -0.01304786
c2Env : -0.00117522
d1 : -0.04986599
d2 : -0.00541614
d2Env : -0.00143035
