botleft : -0.00548760
botright : -0.00559692
c1 : 0.21481960
c1Env : -0.10365307
c2 : -0.03496533
c2Env : -0.00222581
d1 : -0.04306206
d2 : -0.01969397
d2Env : -0.00059926
