botleft : -0.00249536
botright : -0.00255062
c1 : 0.22111899
c1Env : -0.09379867
c2 : -0.09248208
c2Env : -0.00521221
d1 : -0.02254961
d2 : -0.00138347
d2Env : -0.00081108
