botleft : -0.00396879
botright : -0.00387982
c1 : 0.11876404
c1Env : -0.03451352
c2 : -0.03242490
c2Env : -0.00305463
d1 : -0.01706593
d2 : -0.02294773
d2Env : -0.00116957
