botleft : -0.00594462
botright : -0.00662368
c1 : 0.19915439
c1Env : -0.10374390
c2 : -0.02600508
c2Env : -0.00178778
d1 : -0.05239002
d2 : -0.00204800
d2Env : -0.00094909
