botleft : -0.00627055
botright : -0.00779319
c1 : 0.20264798
c1Env : -0.10381944
c2 : -0.00671694
c2Env : -0.00130165
d1 : -0.04348284
d2 : -0.02948731
d2Env : -0.00421526
