botleft : -0.00673361
botright : -0.00696517
c1 : 0.13670349
c1Env : -0.03940343
c2 : -0.02703048
c2Env : -0.00158016
d1 : -0.04732946
d2 : -0.00661098
d2Env : -0.00125428
