botleft : -0.00734907
botright : -0.00873268
c1 : 0.12941530
c1Env : -0.03979873
c2 : -0.00859894
c2Env : -0.00139891
d1 : -0.04817674
d2 : -0.01462848
d2Env : -0.00101575
