botleft : -0.00627059
botright : -0.00596619
c1 : 0.15667850
c1Env : -0.03862943
c2 : -0.03613079
c2Env : -0.00197750
d1 : -0.04067461
d2 : -0.02685775
d2Env : -0.00051655
