botleft : -0.00440493
botright : -0.00462045
c1 : 0.11091640
c1Env : -0.03507857
c2 : -0.01752852
c2Env : -0.00252405
d1 : -0.01720775
d2 : -0.02702314
d2Env : -0.00277430
