botleft : -0.00593283
botright : -0.00655532
c1 : 0.19958334
c1Env : -0.10388660
c2 : -0.02445711
c2Env : -0.00160698
d1 : -0.05193548
d2 : -0.00460116
d2Env : -0.00097078
