botleft : -0.00564314
botright : -0.00510161
c1 : 0.20546080
c1Env : -0.03825646
c2 : -0.10660329
c2Env : -0.00225293
d1 : -0.04376918
d2 : -0.00297560
d2Env : -0.00099919
