botleft : -0.00254518
botright : -0.00240620
c1 : 0.22260235
c1Env : -0.09374225
c2 : -0.09089886
c2Env : -0.00429397
d1 : -0.01908142
d2 : -0.00905900
d2Env : -0.00084810
