botleft : -0.00662116
botright : -0.00678899
c1 : 0.14813599
c1Env : -0.03889883
c2 : -0.01976948
c2Env : -0.00173610
d1 : -0.04086499
d2 : -0.03321616
d2Env : -0.00063951
