botleft : -0.00546671
botright : -0.00567477
c1 : 0.21044046
c1Env : -0.10343177
c2 : -0.04081799
c2Env : -0.00196635
d1 : -0.04963436
d2 : -0.00280201
d2Env : -0.00097352
