botleft : -0.00646893
botright : -0.00818839
c1 : 0.19351368
c1Env : -0.10421902
c2 : -0.00789545
c2Env : -0.00140409
d1 : -0.05337557
d2 : -0.01162132
d2Env : -0.00076020
