botleft : -0.00331653
botright : -0.00311625
c1 : 0.16601399
c1Env : -0.03363009
c2 : -0.09850118
c2Env : -0.00533567
d1 : -0.01986943
d2 : -0.00137386
d2Env : -0.00087142
