botleft : -0.00419173
botright : -0.00557289
c1 : 0.15576556
c1Env : -0.09705230
c2 : -0.00618230
c2Env : -0.00184390
d1 : -0.03042097
d2 : -0.00925157
d2Env : -0.00160325
