botleft : -0.00527174
botright : -0.00660630
c1 : 0.09352488
c1Env : -0.03673841
c2 : -0.01104590
c2Env : -0.00171450
d1 : -0.02601602
d2 : -0.00451591
d2Env : -0.00172743
