botleft : -0.00546470
botright : -0.00568406
c1 : 0.21035257
c1Env : -0.10343608
c2 : -0.04135570
c2Env : -0.00236267
d1 : -0.04993496
d2 : -0.00164154
d2Env : -0.00078997
