botleft : -0.00856283
botright : -0.00748725
c1 : 0.09469030
c2 : -0.04011436
c2e : -0.00880154
c3 : -0.02973822
