botleft : -0.00993900
botright : -0.00944516
c1 : 0.12603568
c2 : -0.04840183
c2e : -0.00574118
c3 : -0.05250423
