botleft : -0.01104748
botright : -0.00848602
c1 : 0.08646347
c2 : -0.04089873
c2e : -0.00950308
c3 : -0.01650514
