botleft : -0.01190852
botright : -0.00972803
c1 : 0.07372109
c2 : -0.02657566
c2e : -0.00821449
c3 : -0.01727664
