botleft : -0.01152217
botright : -0.01391624
c1 : 0.10240598
c2 : -0.01782894
c2e : -0.00423448
c3 : -0.05490270
