botleft : -0.00815328
botright : -0.00969306
c1 : 0.14194563
c2 : -0.01196088
c2e : -0.00505160
c3 : -0.10711429
