botleft : -0.00739858
botright : -0.00610763
c1 : 0.15087000
c2 : -0.09890327
c2e : -0.01063143
c3 : -0.02787448
