botleft : -0.00742015
botright : -0.00680900
c1 : 0.10632750
c2 : -0.03918379
c2e : -0.00827581
c3 : -0.04464963
