botleft : -0.01047054
botright : -0.01153358
c1 : 0.07340284
c2 : -0.01335533
c2e : -0.00567829
c3 : -0.03235188
