botleft : -0.00616681
botright : -0.00587173
c1 : 0.16115300
c2 : -0.03745126
c2e : -0.00748133
c3 : -0.10421283
