botleft : -0.00936232
botright : -0.00874756
c1 : 0.08246816
c2 : -0.02568699
c2e : -0.00768161
c3 : -0.03099422
