botleft : -0.00982623
botright : -0.00705659
c1 : 0.14302711
c2 : -0.09943435
c2e : -0.01152810
c3 : -0.01521191
