botleft : -0.00701602
botright : -0.00714319
c1 : 0.15027174
c2 : -0.02366299
c2e : -0.00659175
c3 : -0.10587487
