c12 : -0.04156661
c1t : 0.00000000
c1b : -0.03439677
c1tb : 0.00000000
c1e : -0.01390854
