c12 : -0.02648378
c1t : 0.00000000
c1b : -0.00923499
c1tb : 0.00000000
c1e : -0.00550440
