c12 : -0.06500890
c1t : 0.00000000
c1b : -0.00655387
c1tb : 0.00000000
c1e : -0.00219444
