c12 : -0.10478810
c1t : 0.00000000
c1b : -0.00299112
c1tb : 0.00000000
c1e : -0.00121929
