c12 : -0.05881971
c1t : 0.00000000
c1b : -0.01026803
c1tb : 0.00000000
c1e : -0.00769077
