c12 : -0.10551294
c1t : 0.00000000
c1b : -0.01527993
c1tb : 0.00000000
c1e : 0.00000000
