c12 : -0.01402066
c1t : 0.00000000
c1b : -0.04359774
c1tb : 0.00000000
c1e : -0.00637106
