c12 : -0.05532468
c1t : 0.00000000
c1b : -0.00716534
c1tb : 0.00000000
c1e : -0.00628400
