c12 : -0.12779729
c1t : 0.00000000
c1b : -0.02891421
c1tb : 0.00000000
c1e : -0.00551315
