c12 : -0.06555758
c1t : 0.00000000
c1b : -0.00835628
c1tb : 0.00000000
c1e : 0.00000000
