c12 : -0.06039802
c1t : 0.00000000
c1b : -0.03158760
c1tb : 0.00000000
c1e : -0.00536186
