c12 : -0.09654125
c1t : 0.00000000
c1b : -0.00306882
c1tb : 0.00000000
c1e : -0.00119313
