c12 : -0.01573846
c1t : 0.00000000
c1b : -0.01179343
c1tb : 0.00000000
c1e : -0.00401764
