c12 : -0.05902417
c1t : 0.00000000
c1b : -0.00634008
c1tb : 0.00000000
c1e : -0.00465702
