c12 : -0.00736346
c1t : 0.00000000
c1b : -0.01190989
c1tb : 0.00000000
c1e : -0.00391391
