c12 : -0.06903623
c1t : 0.00000000
c1b : -0.00820209
c1tb : 0.00000000
c1e : -0.00250789
