c12 : -0.11208562
c1t : 0.00000000
c1b : -0.00456612
c1tb : 0.00000000
c1e : -0.00176428
