c12 : -0.05234971
c1t : 0.00000000
c1b : -0.00454778
c1tb : 0.00000000
c1e : -0.00496307
