c12 : -0.10312865
c1t : 0.00000000
c1b : -0.03237477
c1tb : 0.00000000
c1e : -0.01832618
