c12 : -0.00981736
c1t : 0.00000000
c1b : -0.02540976
c1tb : 0.00000000
c1e : 0.00000000
