c12 : -0.01934003
c1t : 0.00000000
c1b : -0.01239716
c1tb : 0.00000000
c1e : -0.00266649
