c12 : -0.05741171
c1t : 0.00000000
c1b : -0.00380448
c1tb : 0.00000000
c1e : -0.00146125
