c12 : -0.10053734
c1t : 0.00000000
c1b : -0.04540187
c1tb : 0.00000000
c1e : 0.00000000
