c12 : -0.18388392
c1t : 0.00000000
c1b : -0.01036894
c1tb : 0.00000000
c1e : 0.00000000
