c12 : -0.04037908
c1t : 0.00000000
c1b : -0.00781523
c1tb : 0.00000000
c1e : -0.00600550
