c12 : -0.03935346
c1t : 0.00000000
c1b : -0.03422378
c1tb : 0.00000000
c1e : -0.01014822
