c12 : -0.01168765
c1t : 0.00000000
c1b : -0.04344366
c1tb : 0.00000000
c1e : -0.00673571
