c12 : -0.04547797
c1t : 0.00000000
c1b : -0.01252370
c1tb : 0.00000000
c1e : 0.00000000
