c12 : -0.02156047
c1t : 0.00000000
c1b : -0.03815960
c1tb : 0.00000000
c1e : -0.01021718
