c12 : -0.03271762
c1t : 0.00000000
c1b : -0.03635449
c1tb : 0.00000000
c1e : -0.00923306
