c12 : -0.06898258
c1t : 0.00000000
c1b : -0.04298390
c1tb : 0.00000000
c1e : 0.00000000
