c12 : -0.01271206
c1t : 0.00000000
c1b : -0.05302755
c1tb : 0.00000000
c1e : 0.00000000
