c12 : -0.01407686
c1t : 0.00000000
c1b : -0.01474423
c1tb : 0.00000000
c1e : -0.00266103
