c12 : -0.01117880
c1t : 0.00000000
c1b : -0.01398970
c1tb : 0.00000000
c1e : -0.00357880
