c12 : -0.11434180
c1t : 0.00000000
c1b : -0.00562615
c1tb : 0.00000000
c1e : -0.00205938
