c12 : -0.06241709
c1t : 0.00000000
c1b : -0.03347464
c1tb : 0.00000000
c1e : -0.01126031
