c12 : -0.01471455
c1t : 0.00000000
c1b : -0.01326677
c1tb : 0.00000000
c1e : -0.00488228
