c12 : -0.02638405
c1t : 0.00000000
c1b : -0.04873467
c1tb : 0.00000000
c1e : 0.00000000
