c12 : -0.01175157
c1t : 0.00000000
c1b : -0.01076092
c1tb : 0.00000000
c1e : -0.00226991
