c12 : -0.05276952
c1t : 0.00000000
c1b : -0.00898135
c1tb : 0.00000000
c1e : -0.00261362
