c12 : -0.10707182
c1t : 0.00000000
c1b : -0.00944695
c1tb : 0.00000000
c1e : -0.00829678
