c12 : -0.01571906
c1t : 0.00000000
c1b : -0.01694530
c1tb : 0.00000000
c1e : -0.00293934
