c12 : -0.02906250
c1t : 0.00000000
c1b : -0.00859273
c1tb : 0.00000000
c1e : -0.00451827
