c12 : -0.16677679
c1t : 0.00000000
c1b : -0.00577245
c1tb : 0.00000000
c1e : -0.00661930
