c12 : -0.04332785
c1t : 0.00000000
c1b : -0.01091964
c1tb : 0.00000000
c1e : -0.00722999
