c12 : -0.02129170
c1t : 0.00000000
c1b : -0.03995487
c1tb : 0.00000000
c1e : -0.00677838
