c12 : -0.02414390
c1t : 0.00000000
c1b : -0.01057682
c1tb : 0.00000000
c1e : -0.00811553
