c12 : -0.01769923
c1t : 0.00000000
c1b : -0.00787094
c1tb : 0.00000000
c1e : -0.00453930
