c12 : -0.17325453
c1t : 0.00000000
c1b : -0.01714616
c1tb : 0.00000000
c1e : 0.00000000
