c12 : -0.00642075
c1t : 0.00000000
c1b : -0.01780418
c1tb : 0.00000000
c1e : -0.00379590
