c12 : -0.02698014
c1t : 0.00000000
c1b : -0.01275288
c1tb : 0.00000000
c1e : 0.00000000
