c12 : -0.05293657
c1t : 0.00000000
c1b : -0.04362084
c1tb : 0.00000000
c1e : 0.00000000
