c12 : -0.02736035
c1t : 0.00000000
c1b : -0.04513719
c1tb : 0.00000000
c1e : 0.00000000
