c12 : -0.04706212
c1t : 0.00000000
c1b : -0.03434489
c1tb : 0.00000000
c1e : -0.01042576
