c12 : -0.02730179
c1t : 0.00000000
c1b : -0.03889783
c1tb : 0.00000000
c1e : -0.00512955
