c12 : -0.02933148
c1t : 0.00000000
c1b : -0.00986825
c1tb : 0.00000000
c1e : -0.00880259
