c12 : -0.04712995
c1t : 0.00000000
c1b : -0.04625417
c1tb : 0.00000000
c1e : 0.00000000
