c12 : -0.03191060
c1t : 0.00000000
c1b : -0.00855028
c1tb : 0.00000000
c1e : -0.00575260
