c12 : -0.03471936
c1t : 0.00000000
c1b : -0.01163970
c1tb : 0.00000000
c1e : -0.00684074
