c12 : -0.01414259
c1t : 0.00000000
c1b : -0.01231766
c1tb : 0.00000000
c1e : -0.00451430
