c12 : -0.04071075
c1t : 0.00000000
c1b : -0.01024278
c1tb : 0.00000000
c1e : 0.00000000
