c12 : -0.04984071
c1t : 0.00000000
c1b : -0.00930551
c1tb : 0.00000000
c1e : 0.00000000
