c12 : -0.03665766
c1t : 0.00000000
c1b : -0.03528529
c1tb : 0.00000000
c1e : -0.00807727
