c12 : -0.02187959
c1t : 0.00000000
c1b : -0.00995706
c1tb : 0.00000000
c1e : -0.00434059
