c12 : -0.02104053
c1t : 0.00000000
c1b : -0.00717903
c1tb : 0.00000000
c1e : -0.00655778
