c12 : -0.03343849
c1t : 0.00000000
c1b : -0.03524290
c1tb : 0.00000000
c1e : -0.00960318
