c12 : -0.02582318
c1t : 0.00000000
c1b : -0.00652961
c1tb : 0.00000000
c1e : -0.00700479
