c12 : -0.03385151
c1t : 0.00000000
c1b : -0.00888176
c1tb : 0.00000000
c1e : -0.00247343
