c12 : -0.10430133
c1t : 0.00000000
c1b : -0.00736447
c1tb : 0.00000000
c1e : 0.00000000
