c12 : -0.06095679
c1t : 0.00000000
c1b : -0.01178232
c1tb : 0.00000000
c1e : 0.00000000
