c12 : -0.17134733
c1t : 0.00000000
c1b : -0.00622497
c1tb : 0.00000000
c1e : -0.00761166
