c12 : -0.06462254
c1t : 0.00000000
c1b : -0.03212230
c1tb : 0.00000000
c1e : -0.01164990
