c12 : -0.04495900
c1t : 0.00000000
c1b : -0.01879526
c1tb : 0.00000000
c1e : 0.00000000
