c12 : -0.01474901
c1t : 0.00000000
c1b : -0.05239068
c1tb : 0.00000000
c1e : 0.00000000
