c12 : -0.01071103
c1t : 0.00000000
c1b : -0.01507601
c1tb : 0.00000000
c1e : -0.00256699
