c12 : -0.01248473
c1t : 0.00000000
c1b : -0.01395267
c1tb : 0.00000000
c1e : -0.00569301
