c12 : -0.19395034
c1t : 0.00000000
c1b : -0.03490507
c1tb : 0.00000000
c1e : 0.00000000
