c12 : -0.09880213
c1t : 0.00000000
c1b : -0.00958307
c1tb : 0.00000000
c1e : -0.00824270
