c12 : -0.18141396
c1t : 0.00000000
c1b : -0.04156899
c1tb : 0.00000000
c1e : 0.00000000
