c12 : -0.01180034
c1t : 0.00000000
c1b : -0.01951449
c1tb : 0.00000000
c1e : 0.00000000
