c12 : -0.17662503
c1t : 0.00000000
c1b : -0.00794827
c1tb : 0.00000000
c1e : -0.00605168
