c12 : -0.01926961
c1t : 0.00000000
c1b : -0.01105139
c1tb : 0.00000000
c1e : -0.00247983
