c12 : -0.05319323
c1t : 0.00000000
c1b : -0.01278898
c1tb : 0.00000000
c1e : 0.00000000
