c12 : -0.11273596
c1t : 0.00000000
c1b : -0.00830430
c1tb : 0.00000000
c1e : -0.00596755
