c12 : -0.01517892
c1t : 0.00000000
c1b : -0.00842794
c1tb : 0.00000000
c1e : -0.00574788
