c12 : -0.01747338
c1t : 0.00000000
c1b : -0.01521539
c1tb : 0.00000000
c1e : -0.00462439
