c12 : -0.17648225
c1t : 0.00000000
c1b : -0.04561885
c1tb : 0.00000000
c1e : 0.00000000
