c12 : -0.01577144
c1t : 0.00000000
c1b : -0.01587559
c1tb : 0.00000000
c1e : -0.00518432
