c12 : -0.01076487
c1t : 0.00000000
c1b : -0.04599012
c1tb : 0.00000000
c1e : -0.00559157
