c12 : -0.02420437
c1t : 0.00000000
c1b : -0.01308407
c1tb : 0.00000000
c1e : -0.00506227
