c12 : -0.04721038
c1t : 0.00000000
c1b : -0.01009513
c1tb : 0.00000000
c1e : -0.00563526
