c12 : -0.03986740
c1t : 0.00000000
c1b : -0.00811428
c1tb : 0.00000000
c1e : -0.00238423
