c12 : -0.05120982
c1t : 0.00000000
c1b : -0.03296318
c1tb : 0.00000000
c1e : -0.00532593
