c12 : -0.03753746
c1t : 0.00000000
c1b : -0.04524260
c1tb : 0.00000000
c1e : 0.00000000
