c12 : -0.10707150
c1t : 0.00000000
c1b : -0.00648741
c1tb : 0.00000000
c1e : -0.00729692
