c12 : -0.01680659
c1t : 0.00000000
c1b : -0.02287816
c1tb : 0.00000000
c1e : 0.00000000
