c12 : -0.17828511
c1t : 0.00000000
c1b : -0.02998153
c1tb : 0.00000000
c1e : -0.01366751
