c12 : -0.06397017
c1t : -0.05068718
c1b : -0.04909793
c1tb : -0.00007058
c1e : -0.00245843
