c12 : -0.02832900
c1t : -0.05530490
c1b : -0.05331248
c1tb : -0.00043954
c1e : -0.00068498
