c12 : -0.00212947
c1t : -0.02027186
c1b : -0.01962898
c1tb : -0.01402855
c1e : 0.00000000
