c12 : -0.04731949
c1t : -0.05195428
c1b : -0.05012248
c1tb : -0.00005296
c1e : -0.00095174
