c12 : -0.02612968
c1t : -0.01237435
c1b : -0.01219683
c1tb : -0.00034784
c1e : 0.00000000
