c12 : -0.20140351
c1t : -0.04743448
c1b : -0.04607806
c1tb : -0.00002237
c1e : 0.00000000
