c12 : -0.06864061
c1t : -0.04960391
c1b : -0.04781987
c1tb : -0.00005916
c1e : 0.00000000
