c12 : -0.00231776
c1t : -0.02521648
c1b : -0.02441553
c1tb : -0.01538746
c1e : -0.00000884
