c12 : -0.19711049
c1t : -0.00551639
c1b : -0.00577144
c1tb : -0.00007443
c1e : -0.00003169
