c12 : -0.00379937
c1t : -0.01629770
c1b : -0.01506310
c1tb : -0.00768546
c1e : -0.00025137
