c12 : -0.00414315
c1t : -0.01627296
c1b : -0.01503786
c1tb : -0.00861030
c1e : 0.00001780
