c12 : -0.03486267
c1t : -0.01547723
c1b : -0.01502446
c1tb : -0.00014852
c1e : -0.00073598
