c12 : -0.19509454
c1t : -0.00580962
c1b : -0.00616478
c1tb : -0.00003052
c1e : -0.00107960
