c12 : -0.11434092
c1t : -0.00453050
c1b : -0.00436290
c1tb : -0.00002426
c1e : -0.00203748
