c12 : -0.04741139
c1t : -0.05217204
c1b : -0.05039507
c1tb : -0.00016371
c1e : 0.00000000
