c12 : 0.00000000
c1t : -0.02646648
c1b : -0.02585676
c1tb : -0.18957548
c1e : 0.00000000
