c12 : -0.00727473
c1t : -0.01453844
c1b : -0.01338984
c1tb : -0.00293504
c1e : -0.00124243
