c12 : -0.03606525
c1t : -0.05371331
c1b : -0.05178468
c1tb : -0.00018476
c1e : -0.00080370
