c12 : -0.02580823
c1t : -0.01205157
c1b : -0.01162602
c1tb : -0.00032542
c1e : -0.00057042
