c12 : -0.00986762
c1t : -0.02040633
c1b : -0.01901356
c1tb : -0.00395176
c1e : -0.00003351
