c12 : -0.01658353
c1t : -0.01771059
c1b : -0.01654137
c1tb : -0.00104539
c1e : -0.00108746
