c12 : -0.00233986
c1t : -0.02539501
c1b : -0.02483239
c1tb : -0.01437084
c1e : 0.00000000
