c12 : -0.03114696
c1t : -0.01119524
c1b : -0.01094168
c1tb : -0.00017046
c1e : -0.00147045
