c12 : -0.06587439
c1t : -0.01069268
c1b : -0.01008438
c1tb : -0.00001250
c1e : 0.00002418
