c12 : -0.04524625
c1t : -0.00944860
c1b : -0.00937828
c1tb : -0.00024616
c1e : 0.00000000
