c12 : -0.00968504
c1t : -0.06095539
c1b : -0.05888901
c1tb : -0.00368811
c1e : -0.00064053
