c12 : -0.00487254
c1t : -0.06306835
c1b : -0.06102007
c1tb : -0.00877711
c1e : -0.00007770
