c12 : -0.12755974
c1t : -0.04738382
c1b : -0.04553085
c1tb : 0.00001945
c1e : 0.00000000
