c12 : -0.05361618
c1t : -0.00642577
c1b : -0.00617973
c1tb : -0.00003508
c1e : -0.00518742
