c12 : -0.12096417
c1t : -0.00902324
c1b : -0.00875550
c1tb : 0.00000659
c1e : -0.00299178
