c12 : -0.09919675
c1t : -0.00508487
c1b : -0.00503853
c1tb : -0.00001323
c1e : -0.00614289
