c12 : -0.11007237
c1t : -0.01135733
c1b : -0.01177258
c1tb : -0.00002389
c1e : -0.00286497
