c12 : -0.03702129
c1t : -0.05335698
c1b : -0.05148683
c1tb : -0.00033358
c1e : 0.00000000
