c12 : -0.00411957
c1t : -0.01903683
c1b : -0.01819757
c1tb : -0.00757141
c1e : -0.00019431
