c12 : 0.00000000
c1t : -0.02469017
c1b : -0.02335077
c1tb : -0.18965916
c1e : 0.00000000
