c12 : -0.11198735
c1t : -0.00627611
c1b : -0.00636318
c1tb : -0.00006581
c1e : -0.00000148
