c12 : -0.12368175
c1t : -0.04765831
c1b : -0.04582172
c1tb : 0.00001981
c1e : -0.00375603
