c12 : -0.00335408
c1t : -0.01634519
c1b : -0.01512764
c1tb : -0.00737740
c1e : -0.00061298
