c12 : -0.01619133
c1t : -0.01505079
c1b : -0.01462030
c1tb : -0.00100976
c1e : 0.00000000
