c12 : -0.01033918
c1t : -0.06089987
c1b : -0.05878619
c1tb : -0.00386118
c1e : 0.00000000
