c12 : -0.03614851
c1t : -0.05383085
c1b : -0.05203533
c1tb : -0.00029594
c1e : 0.00000000
