c12 : 0.00000000
c1t : -0.02127136
c1b : -0.02065965
c1tb : -0.18920641
c1e : 0.00000000
