c12 : 0.00000000
c1t : -0.02614194
c1b : -0.02564002
c1tb : -0.20599888
c1e : 0.00000000
