c12 : -0.04374686
c1t : -0.01446138
c1b : -0.01427813
c1tb : -0.00005892
c1e : -0.00195457
