c12 : -0.12097234
c1t : -0.04864248
c1b : -0.04720746
c1tb : 0.00000307
c1e : -0.00318927
