c12 : -0.04150682
c1t : -0.00991426
c1b : -0.00978998
c1tb : -0.00008566
c1e : -0.00172311
