c12 : -0.00406676
c1t : -0.06314232
c1b : -0.06103806
c1tb : -0.00861165
c1e : -0.00071158
