c12 : -0.00428301
c1t : -0.01896694
c1b : -0.01810258
c1tb : -0.00779822
c1e : -0.00006718
