c12 : -0.00812222
c1t : -0.01439312
c1b : -0.01322877
c1tb : -0.00309187
c1e : -0.00055286
