c12 : -0.04862437
c1t : -0.05152727
c1b : -0.04968346
c1tb : -0.00014890
c1e : 0.00000000
