c12 : -0.19659825
c1t : -0.04921277
c1b : -0.04796055
c1tb : -0.00013579
c1e : 0.00000000
