c12 : -0.01892264
c1t : -0.05787798
c1b : -0.05570295
c1tb : -0.00176905
c1e : -0.00003441
