c12 : -0.04377230
c1t : -0.00937260
c1b : -0.00924880
c1tb : -0.00004491
c1e : -0.00075586
