c12 : -0.11373562
c1t : -0.04791556
c1b : -0.04604522
c1tb : 0.00000957
c1e : -0.00364472
