c12 : -0.03974262
c1t : -0.01289542
c1b : -0.01219966
c1tb : -0.00002555
c1e : -0.00529223
