c12 : -0.02425029
c1t : -0.05556041
c1b : -0.05360266
c1tb : -0.00037906
c1e : -0.00409922
