c12 : -0.11156123
c1t : -0.04998318
c1b : -0.04853772
c1tb : -0.00013100
c1e : 0.00000000
