c12 : -0.02580842
c1t : -0.01526715
c1b : -0.01434101
c1tb : -0.00028209
c1e : -0.00149642
