c12 : -0.01483300
c1t : -0.01205292
c1b : -0.01100600
c1tb : -0.00096490
c1e : -0.00090020
