c12 : -0.00989734
c1t : -0.06093888
c1b : -0.05866784
c1tb : -0.00380627
c1e : -0.00068187
