c12 : -0.02750230
c1t : -0.01520223
c1b : -0.01418202
c1tb : -0.00044480
c1e : -0.00000884
