c12 : -0.00491361
c1t : -0.06319007
c1b : -0.06100496
c1tb : -0.00994095
c1e : -0.00001363
