c12 : -0.19709778
c1t : -0.00573907
c1b : -0.00607710
c1tb : -0.00018770
c1e : 0.00000000
