c12 : 0.00000000
c1t : -0.06527130
c1b : -0.06314585
c1tb : -0.20705938
c1e : 0.00000000
