c12 : 0.00000000
c1t : -0.06541859
c1b : -0.06316692
c1tb : -0.19078849
c1e : 0.00000000
