c12 : 0.00000000
c1t : -0.06545564
c1b : -0.06325378
c1tb : -0.19095862
c1e : 0.00000000
