c12 : -0.03429813
c1t : -0.05457190
c1b : -0.05278752
c1tb : -0.00036215
c1e : 0.00000000
