c12 : -0.19053988
c1t : -0.04741276
c1b : -0.04606982
c1tb : -0.00004702
c1e : -0.01118565
