c12 : -0.04857945
c1t : -0.05166346
c1b : -0.04976478
c1tb : -0.00008564
c1e : 0.00004318
