c12 : -0.03630451
c1t : -0.00774172
c1b : -0.00731381
c1tb : -0.00002859
c1e : -0.00440045
