c12 : -0.00930200
c1t : -0.01713895
c1b : -0.01658784
c1tb : -0.00322937
c1e : 0.00000000
