c12 : -0.00870213
c1t : -0.01706047
c1b : -0.01627651
c1tb : -0.00304892
c1e : -0.00047162
