c12 : -0.00976308
c1t : -0.02198231
c1b : -0.02116179
c1tb : -0.00335211
c1e : -0.00020825
