c12 : -0.02673255
c1t : -0.05566132
c1b : -0.05375711
c1tb : -0.00045993
c1e : -0.00148260
