c12 : 0.00000000
c1t : -0.02091602
c1b : -0.02026646
c1tb : -0.20556526
c1e : 0.00000000
