c12 : -0.00459589
c1t : -0.02443604
c1b : -0.02375355
c1tb : -0.00779075
c1e : 0.00000000
