c12 : -0.11457738
c1t : -0.01124578
c1b : -0.01161900
c1tb : -0.00002495
c1e : 0.00000000
