c12 : -0.06009012
c1t : -0.00589748
c1b : -0.00557141
c1tb : -0.00002584
c1e : -0.00000369
