c12 : -0.00454550
c1t : -0.01917876
c1b : -0.01854689
c1tb : -0.00870898
c1e : 0.00000000
