c12 : -0.03386382
c1t : -0.01065534
c1b : -0.01031796
c1tb : -0.00024761
c1e : 0.00000386
