c12 : -0.11756820
c1t : -0.04761066
c1b : -0.04575692
c1tb : -0.00001214
c1e : 0.00000000
