c12 : -0.00195189
c1t : -0.01728347
c1b : -0.01597707
c1tb : -0.01498935
c1e : 0.00000533
