c12 : -0.01784226
c1t : -0.01770493
c1b : -0.01641971
c1tb : -0.00136959
c1e : -0.00002516
