c12 : -0.02904662
c1t : -0.05519422
c1b : -0.05309375
c1tb : -0.00061312
c1e : 0.00001503
