c12 : -0.00248007
c1t : -0.02524195
c1b : -0.02462693
c1tb : -0.01398888
c1e : 0.00000000
