c12 : -0.10425472
c1t : -0.00974549
c1b : -0.00961509
c1tb : -0.00006381
c1e : -0.00807295
