c12 : -0.02451575
c1t : -0.00985679
c1b : -0.00903213
c1tb : -0.00042060
c1e : 0.00000711
