c12 : -0.01067527
c1t : -0.06091519
c1b : -0.05867067
c1tb : -0.00452484
c1e : 0.00002573
