c12 : -0.11559141
c1t : -0.04808189
c1b : -0.04644560
c1tb : -0.00001107
c1e : -0.00132212
