c12 : -0.00464382
c1t : -0.02434836
c1b : -0.02371535
c1tb : -0.00804726
c1e : 0.00000000
