c12 : -0.11019540
c1t : -0.00654446
c1b : -0.00673462
c1tb : -0.00003625
c1e : -0.00094400
