c12 : -0.01852271
c1t : -0.05806796
c1b : -0.05602545
c1tb : -0.00148131
c1e : 0.00000000
