c12 : -0.03509923
c1t : -0.01589417
c1b : -0.01554846
c1tb : -0.00016455
c1e : 0.00000000
