c12 : -0.06557225
c1t : -0.01231616
c1b : -0.01228069
c1tb : -0.00005899
c1e : -0.00103285
