c12 : -0.04633368
c1t : -0.01231254
c1b : -0.01151055
c1tb : -0.00003311
c1e : 0.00001695
