c12 : 0.00000000
c1t : -0.06538823
c1b : -0.06319346
c1tb : -0.18885188
c1e : 0.00000000
