c12 : -0.11419775
c1t : -0.01067627
c1b : -0.01090723
c1tb : -0.00002879
c1e : -0.00118596
