c12 : -0.00250315
c1t : -0.06421896
c1b : -0.06225216
c1tb : -0.01504602
c1e : 0.00000000
