c12 : -0.06268261
c1t : -0.01289119
c1b : -0.01299427
c1tb : -0.00004656
c1e : -0.00234800
