c12 : -0.11994704
c1t : -0.00640215
c1b : -0.00659034
c1tb : -0.00000729
c1e : -0.00095000
