c12 : -0.00239779
c1t : -0.06426962
c1b : -0.06224987
c1tb : -0.01526542
c1e : 0.00002749
