c12 : -0.02711288
c1t : -0.05593703
c1b : -0.05413525
c1tb : -0.00057705
c1e : 0.00000000
