c12 : -0.04132296
c1t : -0.05229474
c1b : -0.05041146
c1tb : -0.00004370
c1e : -0.00615974
