c12 : -0.03499786
c1t : -0.05361867
c1b : -0.05157684
c1tb : -0.00015515
c1e : -0.00199302
