c12 : -0.01731096
c1t : -0.05821273
c1b : -0.05620981
c1tb : -0.00135114
c1e : -0.00108927
