c12 : -0.01735491
c1t : -0.01454652
c1b : -0.01404504
c1tb : -0.00152573
c1e : 0.00000000
