c12 : -0.00235353
c1t : -0.06425437
c1b : -0.06219012
c1tb : -0.01529400
c1e : -0.00009036
