c12 : -0.18310225
c1t : -0.00438885
c1b : -0.00441743
c1tb : 0.00001245
c1e : -0.00674563
