c12 : -0.12641643
c1t : -0.01021860
c1b : -0.01026344
c1tb : -0.00001409
c1e : -0.00001906
