c12 : -0.11225295
c1t : -0.00652666
c1b : -0.00669090
c1tb : -0.00017617
c1e : 0.00000000
