c12 : 0.00000000
c1t : -0.01808874
c1b : -0.01704296
c1tb : -0.20554669
c1e : 0.00000000
