c12 : 0.00000000
c1t : -0.02458940
c1b : -0.02336573
c1tb : -0.18775755
c1e : 0.00000000
