c12 : -0.03597860
c1t : -0.01548802
c1b : -0.01506369
c1tb : -0.00037727
c1e : 0.00000000
