c12 : -0.01061087
c1t : -0.02198910
c1b : -0.02134892
c1tb : -0.00395268
c1e : 0.00000000
