c12 : -0.00201631
c1t : -0.06427153
c1b : -0.06220089
c1tb : -0.01494571
c1e : -0.00031258
