c12 : -0.02981273
c1t : -0.00867307
c1b : -0.00802753
c1tb : -0.00007725
c1e : -0.00141793
