c12 : -0.00502012
c1t : -0.06306594
c1b : -0.06094167
c1tb : -0.00988698
c1e : 0.00000000
