c12 : -0.03291000
c1t : -0.01589947
c1b : -0.01554906
c1tb : -0.00015399
c1e : -0.00160828
