c12 : -0.04486118
c1t : -0.00925332
c1b : -0.00904087
c1tb : -0.00010969
c1e : -0.00000238
