c12 : -0.02621104
c1t : -0.01782530
c1b : -0.01743586
c1tb : -0.00035635
c1e : 0.00000000
