c12 : 0.00000000
c1t : -0.02445470
c1b : -0.02332757
c1tb : -0.20595114
c1e : 0.00000000
