c12 : -0.20037365
c1t : -0.01053160
c1b : -0.01101651
c1tb : -0.00006496
c1e : 0.00000000
