c12 : -0.00872160
c1t : -0.01436161
c1b : -0.01320189
c1tb : -0.00373457
c1e : 0.00000608
