c12 : -0.03334007
c1t : -0.01110059
c1b : -0.01106880
c1tb : -0.00014243
c1e : 0.00000000
