c12 : -0.01773157
c1t : -0.05837710
c1b : -0.05644369
c1tb : -0.00144841
c1e : 0.00000000
