c12 : -0.20228051
c1t : -0.00971598
c1b : -0.01002772
c1tb : -0.00012605
c1e : 0.00000000
