c12 : -0.12553747
c1t : -0.04822858
c1b : -0.04671628
c1tb : -0.00001344
c1e : 0.00000000
