c12 : 0.00000000
c1t : -0.01814566
c1b : -0.01695946
c1tb : -0.18740511
c1e : 0.00000000
