c12 : -0.06435613
c1t : -0.00792742
c1b : -0.00805756
c1tb : -0.00021425
c1e : 0.00000000
