c12 : -0.06406200
c1t : -0.00774469
c1b : -0.00771477
c1tb : -0.00007709
c1e : -0.00000110
