c12 : -0.11659937
c1t : -0.00438892
c1b : -0.00422349
c1tb : 0.00001715
c1e : -0.00000449
