c12 : -0.00959372
c1t : -0.01708812
c1b : -0.01649309
c1tb : -0.00385971
c1e : 0.00000000
