c12 : -0.03134901
c1t : -0.00861050
c1b : -0.00791378
c1tb : -0.00016623
c1e : -0.00000227
