c12 : -0.00187123
c1t : -0.02362910
c1b : -0.02227680
c1tb : -0.01395277
c1e : -0.00036023
