c12 : -0.00383604
c1t : -0.02256294
c1b : -0.02127134
c1tb : -0.00769767
c1e : -0.00064904
