c12 : -0.01791001
c1t : -0.01958302
c1b : -0.01899469
c1tb : -0.00112049
c1e : 0.00000000
