c12 : -0.20163669
c1t : -0.04693959
c1b : -0.04550927
c1tb : 0.00000849
c1e : -0.00138679
