c12 : -0.06308573
c1t : -0.01390471
c1b : -0.01412064
c1tb : -0.00007340
c1e : 0.00000000
