c12 : -0.12452827
c1t : -0.01112790
c1b : -0.01149639
c1tb : -0.00001589
c1e : 0.00000000
