c12 : -0.00206686
c1t : -0.02003860
c1b : -0.01911631
c1tb : -0.01406605
c1e : -0.00003133
