c12 : -0.01690074
c1t : -0.01466674
c1b : -0.01424582
c1tb : -0.00106658
c1e : 0.00000000
