c12 : -0.04639659
c1t : -0.01441419
c1b : -0.01422691
c1tb : -0.00007041
c1e : 0.00000000
