c12 : -0.02487168
c1t : -0.01303183
c1b : -0.01281255
c1tb : -0.00032454
c1e : 0.00000000
