c12 : -0.03164905
c1t : -0.01190921
c1b : -0.01182422
c1tb : -0.00016675
c1e : 0.00000000
