c12 : -0.02843489
c1t : -0.05541433
c1b : -0.05354575
c1tb : -0.00054957
c1e : 0.00000000
