c12 : -0.01494191
c13 : -0.20384800
c14 : -0.05157137
c1t : 0.00000000
c1b : -0.05342243
c23 : -0.00140694
c24 : -0.15744989
c2t : 0.00000000
c2b : -0.00253031
