c12 : -0.01019691
c13 : -0.10050102
c14 : -0.00790319
c1t : 0.00000000
c1b : -0.00983756
c23 : -0.00779187
c24 : -0.08656877
c2t : 0.00000000
c2b : -0.00563865
