c12 : -0.03523802
c13 : -0.02996621
c14 : -0.06674846
c1t : 0.00000000
c1b : -0.05769435
c23 : -0.00297905
c24 : -0.01305984
c2t : 0.00000000
c2b : -0.00183871
