c12 : -0.01358694
c13 : -0.05556477
c14 : -0.00659369
c1t : 0.00000000
c1b : -0.00795546
c23 : -0.00748987
c24 : -0.04628875
c2t : 0.00000000
c2b : -0.00082604
