c12 : -0.01150127
c13 : -0.19432302
c14 : -0.01673196
c1t : 0.00000000
c1b : -0.01095615
c23 : -0.00682870
c24 : -0.15790944
c2t : 0.00000000
c2b : -0.00259446
