c12 : -0.02353312
c13 : -0.02977798
c14 : -0.01182663
c1t : 0.00000000
c1b : -0.01464758
c23 : -0.00497601
c24 : -0.02304499
c2t : 0.00000000
c2b : -0.00044152
