c12 : -0.01012061
c13 : -0.10335583
c14 : -0.00724679
c1t : 0.00000000
c1b : -0.00856327
c23 : -0.00903508
c24 : -0.08620783
c2t : 0.00000000
c2b : -0.00522558
