c12 : -0.01808773
c13 : -0.02604723
c14 : -0.00633810
c1t : 0.00000000
c1b : -0.01075771
c23 : -0.00644511
c24 : -0.02397217
c2t : 0.00000000
c2b : -0.00112289
