c12 : -0.03343049
c13 : -0.01768283
c14 : -0.06394643
c1t : 0.00000000
c1b : -0.05498393
c23 : -0.00046130
c24 : -0.01292196
c2t : 0.00000000
c2b : -0.00041712
