c12 : -0.02431764
c13 : -0.06973546
c14 : -0.05971297
c1t : 0.00000000
c1b : -0.05754951
c23 : -0.00149520
c24 : -0.04489864
c2t : 0.00000000
c2b : -0.00271390
