c12 : -0.01858852
c13 : -0.05546210
c14 : -0.01506233
c1t : 0.00000000
c1b : -0.01290347
c23 : -0.00272564
c24 : -0.04612545
c2t : 0.00000000
c2b : -0.00068818
