c12 : -0.01846424
c13 : -0.12073305
c14 : -0.05491136
c1t : 0.00000000
c1b : -0.05400331
c23 : -0.00160896
c24 : -0.08443207
c2t : 0.00000000
c2b : -0.00249014
