c12 : -0.00746624
c13 : -0.19044204
c14 : -0.00646071
c1t : 0.00000000
c1b : -0.00570527
c23 : -0.00929644
c24 : -0.15807055
c2t : 0.00000000
c2b : -0.00047698
