c12 : -0.01902683
c13 : -0.05642389
c14 : -0.01597554
c1t : 0.00000000
c1b : -0.01575990
c23 : -0.00362392
c24 : -0.04670793
c2t : 0.00000000
c2b : -0.00500551
