c12 : -0.01008504
c13 : -0.10483259
c14 : -0.00709557
c1t : 0.00000000
c1b : -0.00742554
c23 : -0.01210753
c24 : -0.08574387
c2t : 0.00000000
c2b : -0.00312731
