c12 : -0.01854049
c13 : -0.02912562
c14 : -0.00654868
c1t : 0.00000000
c1b : -0.01132031
c23 : -0.01071596
c24 : -0.02388871
c2t : 0.00000000
c2b : -0.00365809
