c12 : -0.00967897
c13 : -0.11305860
c14 : -0.00722308
c1t : 0.00000000
c1b : -0.00846281
c23 : -0.00903849
c24 : -0.09447833
c2t : 0.00000000
c2b : -0.00521950
