c12 : -0.01381365
c13 : -0.11664058
c14 : -0.01707215
c1t : 0.00000000
c1b : -0.01307247
c23 : -0.00409433
c24 : -0.09416483
c2t : 0.00000000
c2b : -0.00459096
