c12 : -0.03911707
c13 : -0.01378825
c14 : -0.04942471
c1t : 0.00000000
c1b : -0.06089281
c23 : -0.00271820
c24 : -0.00641993
c2t : 0.00000000
c2b : -0.00190129
