c12 : -0.02033838
c13 : -0.01592737
c14 : -0.00560225
c1t : 0.00000000
c1b : -0.01269190
c23 : -0.00575512
c24 : -0.01586736
c2t : 0.00000000
c2b : -0.00170257
