c12 : -0.01400028
c13 : -0.05404915
c14 : -0.00771413
c1t : 0.00000000
c1b : -0.01081112
c23 : -0.00776566
c24 : -0.04710856
c2t : 0.00000000
c2b : -0.00568473
