c12 : -0.03528892
c13 : -0.02716479
c14 : -0.06690484
c1t : 0.00000000
c1b : -0.05954769
c23 : -0.00187002
c24 : -0.01309418
c2t : 0.00000000
c2b : -0.00277943
