c12 : -0.02074943
c13 : -0.01744735
c14 : -0.00612783
c1t : 0.00000000
c1b : -0.01404997
c23 : -0.00714605
c24 : -0.01634317
c2t : 0.00000000
c2b : -0.00611955
