c12 : -0.02928444
c13 : 0.00000000
c14 : 0.00000000
c1t : 0.00000000
c1b : -0.03170044
c23 : 0.00000000
c24 : 0.00000000
c2t : 0.00000000
c2b : -0.01355876
