c12 : -0.02287092
c13 : -0.00793202
c14 : -0.00486256
c1t : 0.00000000
c1b : -0.01780359
c23 : -0.00504971
c24 : -0.00967210
c2t : 0.00000000
c2b : -0.00768712
