c12 : -0.01430412
c13 : -0.10833313
c14 : -0.01663322
c1t : 0.00000000
c1b : -0.01165687
c23 : -0.00682277
c24 : -0.08552583
c2t : 0.00000000
c2b : -0.00268728
