c12 : -0.02355174
c13 : -0.02707074
c14 : -0.01204840
c1t : 0.00000000
c1b : -0.01536661
c23 : -0.00311380
c24 : -0.02352232
c2t : 0.00000000
c2b : -0.00086159
