c12 : -0.02651408
c13 : -0.01825180
c14 : -0.01033654
c1t : 0.00000000
c1b : -0.01926870
c23 : -0.00450608
c24 : -0.01578391
c2t : 0.00000000
c2b : -0.00524909
