c12 : -0.01837993
c13 : -0.12690435
c14 : -0.05471645
c1t : 0.00000000
c1b : -0.04973057
c23 : -0.00267329
c24 : -0.08465385
c2t : 0.00000000
c2b : -0.00159201
