c12 : -0.00774557
c13 : -0.18962751
c14 : -0.00687646
c1t : 0.00000000
c1b : -0.00680277
c23 : -0.01237201
c24 : -0.15823771
c2t : 0.00000000
c2b : -0.00303260
