c12 : -0.02945819
c13 : -0.03077784
c14 : -0.06201123
c1t : 0.00000000
c1b : -0.05201359
c23 : -0.00067684
c24 : -0.02137777
c2t : 0.00000000
c2b : -0.00037403
