c12 : -0.01493718
c13 : -0.21197025
c14 : -0.05167272
c1t : 0.00000000
c1b : -0.04870416
c23 : -0.00248878
c24 : -0.15746567
c2t : 0.00000000
c2b : -0.00151929
