c12 : -0.01178498
c13 : -0.18841445
c14 : -0.01789148
c1t : 0.00000000
c1b : -0.01456767
c23 : -0.00314955
c24 : -0.15849742
c2t : 0.00000000
c2b : -0.00499264
