c12 : -0.00964517
c13 : -0.11452680
c14 : -0.00706666
c1t : 0.00000000
c1b : -0.00731198
c23 : -0.01216495
c24 : -0.09402216
c2t : 0.00000000
c2b : -0.00310215
