c12 : -0.02375268
c13 : -0.07813364
c14 : -0.05934911
c1t : 0.00000000
c1b : -0.05164086
c23 : -0.00290545
c24 : -0.04516967
c2t : 0.00000000
c2b : -0.00166795
