c12 : -0.02653499
c13 : -0.01745906
c14 : -0.01060511
c1t : 0.00000000
c1b : -0.01984162
c23 : -0.00396728
c24 : -0.01607754
c2t : 0.00000000
c2b : -0.00554791
