c12 : -0.00791892
c13 : -0.18491058
c14 : -0.00792929
c1t : 0.00000000
c1b : -0.00948194
c23 : -0.00758796
c24 : -0.15888970
c2t : 0.00000000
c2b : -0.00566401
