c12 : -0.01141811
c13 : -0.19492655
c14 : -0.01616793
c1t : 0.00000000
c1b : -0.00965802
c23 : -0.00420812
c24 : -0.15788677
c2t : 0.00000000
c2b : -0.00029234
