c12 : -0.01634649
c13 : -0.12191480
c14 : -0.04912699
c1t : 0.00000000
c1b : -0.04569289
c23 : -0.00155083
c24 : -0.09299564
c2t : 0.00000000
c2b : -0.00006968
