c12 : -0.01148230
c13 : -0.18894045
c14 : -0.01662703
c1t : 0.00000000
c1b : -0.01100164
c23 : -0.00219220
c24 : -0.15802507
c2t : 0.00000000
c2b : -0.00061790
