c12 : -0.01852914
c13 : -0.05786987
c14 : -0.01485392
c1t : 0.00000000
c1b : -0.01223525
c23 : -0.00307819
c24 : -0.04593373
c2t : 0.00000000
c2b : -0.00065675
