c12 : -0.02651308
c13 : -0.01942737
c14 : -0.01015657
c1t : 0.00000000
c1b : -0.01847432
c23 : -0.00676938
c24 : -0.01542802
c2t : 0.00000000
c2b : -0.00356605
