c12 : -0.01705609
c13 : -0.10528948
c14 : -0.04961971
c1t : 0.00000000
c1b : -0.04775118
c23 : -0.00037096
c24 : -0.08496863
c2t : 0.00000000
c2b : -0.00034971
