c12 : -0.02801132
c13 : -0.00793348
c14 : -0.00675828
c1t : 0.00000000
c1b : -0.02111255
c23 : -0.00271676
c24 : -0.00895365
c2t : 0.00000000
c2b : -0.00232227
