c12 : -0.01890576
c13 : -0.05861367
c14 : -0.01547305
c1t : 0.00000000
c1b : -0.01438608
c23 : -0.00433477
c24 : -0.04636503
c2t : 0.00000000
c2b : -0.00464907
