c12 : -0.01852240
c13 : -0.05936494
c14 : -0.01477688
c1t : 0.00000000
c1b : -0.01185600
c23 : -0.00467950
c24 : -0.04561369
c2t : 0.00000000
c2b : -0.00025638
