c12 : -0.01639761
c13 : -0.11880863
c14 : -0.04910916
c1t : 0.00000000
c1b : -0.04651659
c23 : -0.00052459
c24 : -0.09314040
c2t : 0.00000000
c2b : -0.00030841
