c12 : -0.01700357
c13 : -0.10891372
c14 : -0.04972416
c1t : 0.00000000
c1b : -0.04673067
c23 : -0.00053472
c24 : -0.08483741
c2t : 0.00000000
c2b : -0.00029971
