c12 : -0.03329700
c13 : -0.02044984
c14 : -0.06391783
c1t : 0.00000000
c1b : -0.05432451
c23 : -0.00181877
c24 : -0.01274757
c2t : 0.00000000
c2b : -0.00016743
