c12 : -0.02248075
c13 : -0.06022143
c14 : -0.05497253
c1t : 0.00000000
c1b : -0.04855623
c23 : -0.00061975
c24 : -0.04479595
c2t : 0.00000000
c2b : -0.00027018
