c12 : -0.00754533
c13 : -0.18560223
c14 : -0.00699725
c1t : 0.00000000
c1b : -0.00678961
c23 : -0.00687130
c24 : -0.15844499
c2t : 0.00000000
c2b : -0.00085635
