c12 : -0.01361525
c13 : -0.11299656
c14 : -0.01659047
c1t : 0.00000000
c1b : -0.01153506
c23 : -0.00237759
c24 : -0.09394012
c2t : 0.00000000
c2b : -0.00065726
