c12 : -0.02282492
c13 : -0.00914844
c14 : -0.00460423
c1t : 0.00000000
c1b : -0.01694139
c23 : -0.00775236
c24 : -0.00910122
c2t : 0.00000000
c2b : -0.00591833
