c12 : -0.03717125
c13 : -0.00738740
c14 : -0.04828846
c1t : 0.00000000
c1b : -0.05787324
c23 : -0.00050429
c24 : -0.00615648
c2t : 0.00000000
c2b : -0.00041784
