c12 : -0.02800068
c13 : -0.00839532
c14 : -0.00665811
c1t : 0.00000000
c1b : -0.02095276
c23 : -0.00293818
c24 : -0.00883097
c2t : 0.00000000
c2b : -0.00228444
