c12 : -0.02249703
c13 : -0.05749409
c14 : -0.05484176
c1t : 0.00000000
c1b : -0.04938973
c23 : -0.00043475
c24 : -0.04494474
c2t : 0.00000000
c2b : -0.00030232
