c12 : -0.01447532
c13 : -0.10388422
c14 : -0.01754791
c1t : 0.00000000
c1b : -0.01482904
c23 : -0.00334736
c24 : -0.08618084
c2t : 0.00000000
c2b : -0.00500511
