c12 : -0.01782964
c13 : -0.13030644
c14 : -0.05437367
c1t : 0.00000000
c1b : -0.05386604
c23 : -0.00158386
c24 : -0.09272287
c2t : 0.00000000
c2b : -0.00249197
