c12 : -0.00974600
c13 : -0.11016003
c14 : -0.00789509
c1t : 0.00000000
c1b : -0.00975918
c23 : -0.00778350
c24 : -0.09482920
c2t : 0.00000000
c2b : -0.00563619
