c12 : -0.02832915
c1t : -0.02554189
c1b : -0.00411515
c1tb : -0.00009827
c1e : -0.00001667
