c12 : -0.00916744
c1t : -0.19066244
c1b : -0.03486152
c1tb : -0.00226019
c1e : 0.00000000
