c12 : -0.15575631
c1t : -0.01505157
c1b : -0.00451386
c1tb : 0.00004714
c1e : -0.00163781
