c12 : -0.02687459
c1t : -0.02773639
c1b : -0.00622394
c1tb : -0.00001786
c1e : -0.00118027
