c12 : -0.16572903
c1t : -0.16367458
c1b : -0.02837751
c1tb : -0.00002247
c1e : -0.00000733
