c12 : -0.00452245
c1t : -0.03976034
c1b : -0.00846237
c1tb : -0.00533816
c1e : -0.00003607
