c12 : -0.00190580
c1t : -0.05880709
c1b : -0.01234336
c1tb : -0.01008341
c1e : -0.00014801
