c12 : -0.09357116
c1t : -0.03406698
c1b : -0.00825887
c1tb : 0.00001622
c1e : 0.00000000
