c12 : -0.00828552
c1t : -0.05406078
c1b : -0.01108971
c1tb : -0.00161460
c1e : -0.00070069
