c12 : -0.15742052
c1t : -0.16792281
c1b : -0.03017703
c1tb : -0.00007564
c1e : 0.00000000
