c12 : -0.00456020
c1t : -0.03957074
c1b : -0.00867055
c1tb : -0.00577330
c1e : 0.00000000
