c12 : 0.00000000
c1t : -0.19706981
c1b : -0.03633043
c1tb : -0.19086821
c1e : 0.00000000
