c12 : -0.02845841
c1t : -0.04483185
c1b : -0.00961169
c1tb : -0.00007370
c1e : 0.00000000
