c12 : -0.04460451
c1t : -0.02245204
c1b : -0.00522578
c1tb : 0.00000725
c1e : -0.00076403
