c12 : -0.09551052
c1t : -0.01578191
c1b : -0.00408170
c1tb : -0.00001497
c1e : -0.00005684
