c12 : -0.02101296
c1t : -0.18457682
c1b : -0.03323083
c1tb : -0.00041385
c1e : 0.00000000
