c12 : -0.00085323
c1t : -0.05982022
c1b : -0.01281523
c1tb : -0.01676755
c1e : 0.00000000
