c12 : -0.01111430
c1t : -0.18913478
c1b : -0.03416313
c1tb : -0.00299074
c1e : 0.00000000
