c12 : -0.00061772
c1t : -0.05911602
c1b : -0.01104666
c1tb : -0.01614519
c1e : -0.00012701
