c12 : -0.01617196
c1t : -0.18546997
c1b : -0.03299251
c1tb : -0.00087478
c1e : -0.00167232
