c12 : -0.03227848
c1t : -0.04275924
c1b : -0.00864237
c1tb : -0.00013813
c1e : 0.00000000
