c12 : 0.00000000
c1t : -0.19716348
c1b : -0.03649216
c1tb : -0.19290030
c1e : 0.00000000
