c12 : 0.00000000
c1t : -0.04073748
c1b : -0.00763856
c1tb : -0.18845235
c1e : 0.00000000
