c12 : -0.00100380
c1t : -0.19649643
c1b : -0.03655996
c1tb : -0.01854214
c1e : 0.00000000
