c12 : -0.04669876
c1t : -0.03888137
c1b : -0.00837007
c1tb : -0.00000856
c1e : 0.00000000
