c12 : -0.08519163
c1t : -0.16955900
c1b : -0.03016651
c1tb : 0.00004464
c1e : -0.00241323
