c12 : -0.00174900
c1t : -0.05827270
c1b : -0.01075905
c1tb : -0.00999752
c1e : -0.00026314
