c12 : -0.00912750
c1t : -0.05374413
c1b : -0.01092370
c1tb : -0.00177855
c1e : -0.00045796
