c12 : -0.16153431
c1t : -0.02950744
c1b : -0.00730490
c1tb : 0.00003980
c1e : 0.00000000
