c12 : 0.00000000
c1t : -0.04296713
c1b : -0.00993483
c1tb : -0.19039427
c1e : 0.00000000
