c12 : -0.00085783
c1t : -0.04240054
c1b : -0.00952192
c1tb : -0.01802932
c1e : 0.00000000
