c12 : -0.03173177
c1t : -0.17978327
c1b : -0.03187406
c1tb : -0.00011948
c1e : 0.00000000
