c12 : -0.00961047
c1t : -0.18942350
c1b : -0.03410925
c1tb : -0.00229429
c1e : -0.00119534
