c12 : -0.00098544
c1t : -0.05949789
c1b : -0.01257779
c1tb : -0.01835315
c1e : -0.00000731
