c12 : -0.09052651
c1t : -0.01516174
c1b : -0.00284889
c1tb : 0.00002085
c1e : -0.00154378
