c12 : -0.00168171
c1t : -0.03972936
c1b : -0.00722402
c1tb : -0.01115583
c1e : -0.00000201
