c12 : -0.00447510
c1t : -0.05688748
c1b : -0.01176910
c1tb : -0.00461136
c1e : -0.00025789
