c12 : -0.00085526
c1t : -0.19644748
c1b : -0.03624128
c1tb : -0.01788341
c1e : -0.00018615
