c12 : -0.02709741
c1t : -0.02851110
c1b : -0.00662452
c1tb : -0.00003507
c1e : 0.00000000
