c12 : -0.01708348
c1t : -0.04952629
c1b : -0.00976855
c1tb : -0.00087811
c1e : -0.00003135
