c12 : -0.02308216
c1t : -0.04665169
c1b : -0.00938363
c1tb : -0.00044581
c1e : 0.00000000
