c12 : 0.00000000
c1t : -0.04307332
c1b : -0.00955803
c1tb : -0.19066314
c1e : 0.00000000
