c12 : -0.08239119
c1t : -0.16907082
c1b : -0.02972692
c1tb : 0.00007412
c1e : -0.00642518
