c12 : -0.09891770
c1t : -0.03092800
c1b : -0.00677841
c1tb : -0.00000666
c1e : -0.00004420
