c12 : -0.16174047
c1t : -0.16544513
c1b : -0.02922047
c1tb : 0.00002458
c1e : 0.00000000
