c12 : -0.09255428
c1t : -0.16711874
c1b : -0.02867112
c1tb : 0.00002857
c1e : -0.00009426
