c12 : -0.08616497
c1t : -0.03180305
c1b : -0.00572553
c1tb : -0.00001418
c1e : -0.00230560
