c12 : -0.00177580
c1t : -0.05885593
c1b : -0.01238607
c1tb : -0.00971550
c1e : -0.00015201
