c12 : -0.09269747
c1t : -0.01485877
c1b : -0.00268887
c1tb : 0.00003427
c1e : -0.00001587
