c12 : 0.00000000
c1t : -0.04079397
c1b : -0.00771764
c1tb : -0.19044463
c1e : 0.00000000
