c12 : -0.04519269
c1t : -0.17681171
c1b : -0.03163341
c1tb : 0.00004910
c1e : 0.00000000
