c12 : -0.04401055
c1t : -0.02101324
c1b : -0.00345048
c1tb : 0.00001818
c1e : -0.00003069
