c12 : -0.16055036
c1t : -0.01327851
c1b : -0.00375872
c1tb : -0.00001288
c1e : -0.00008082
