c12 : -0.04664860
c1t : -0.03833533
c1b : -0.00803502
c1tb : 0.00001288
c1e : -0.00098632
