c12 : -0.08527214
c1t : -0.17109287
c1b : -0.03071802
c1tb : 0.00001066
c1e : 0.00000000
