c12 : -0.09453613
c1t : -0.03118674
c1b : -0.00564282
c1tb : 0.00000593
c1e : -0.00234936
