c12 : -0.08813246
c1t : -0.16784966
c1b : -0.02913263
c1tb : 0.00006790
c1e : -0.00307445
