c12 : -0.00338981
c1t : -0.03825970
c1b : -0.00676725
c1tb : -0.00432718
c1e : -0.00048488
