c12 : -0.03548095
c1t : -0.17657962
c1b : -0.03109765
c1tb : -0.00015308
c1e : 0.00000000
