c12 : -0.00163919
c1t : -0.04199849
c1b : -0.00935251
c1tb : -0.00977955
c1e : 0.00000000
