c12 : -0.01910875
c1t : -0.18348564
c1b : -0.03260439
c1tb : -0.00039288
c1e : -0.00347409
