c12 : -0.01841900
c1t : -0.18505318
c1b : -0.03294731
c1tb : -0.00121617
c1e : 0.00000000
