c12 : -0.16094865
c1t : -0.16424128
c1b : -0.02842736
c1tb : 0.00002145
c1e : -0.00341159
