c12 : -0.00506915
c1t : -0.05669935
c1b : -0.01186020
c1tb : -0.00561001
c1e : 0.00000000
