c12 : -0.00825860
c1t : -0.03714669
c1b : -0.00782809
c1tb : -0.00158390
c1e : -0.00043367
