c12 : -0.10066792
c1t : -0.16660397
c1b : -0.02891453
c1tb : 0.00008431
c1e : -0.00003412
