c12 : -0.05078885
c1t : -0.17337732
c1b : -0.02990369
c1tb : -0.00002018
c1e : -0.00014693
