c12 : -0.10095634
c1t : -0.16648285
c1b : -0.02855472
c1tb : 0.00002796
c1e : -0.00008821
