c12 : -0.00500714
c1t : -0.19285549
c1b : -0.03547129
c1tb : -0.00567883
c1e : -0.00039849
