c12 : 0.00000000
c1t : -0.19688950
c1b : -0.03664399
c1tb : -0.20921774
c1e : 0.00000000
