c12 : -0.15740488
c1t : -0.16617882
c1b : -0.02954048
c1tb : -0.00002932
c1e : -0.00276099
