c12 : -0.15695976
c1t : -0.01233357
c1b : -0.00241233
c1tb : 0.00001550
c1e : -0.00001573
