c12 : -0.02015918
c1t : -0.04667893
c1b : -0.00790555
c1tb : -0.00026150
c1e : -0.00156605
