c12 : -0.01348168
c1t : -0.03447096
c1b : -0.00767075
c1tb : -0.00045724
c1e : 0.00000000
