c12 : -0.00622432
c1t : -0.03596586
c1b : -0.00625680
c1tb : -0.00138270
c1e : -0.00128966
