c12 : -0.01152253
c1t : -0.03252762
c1b : -0.00553450
c1tb : -0.00040496
c1e : -0.00184818
