c12 : -0.02189614
c1t : -0.18262763
c1b : -0.03221999
c1tb : -0.00044423
c1e : -0.00193677
