c12 : -0.02156006
c1t : -0.04748664
c1b : -0.00980836
c1tb : -0.00027026
c1e : 0.00000000
