c12 : -0.00912449
c1t : -0.18990171
c1b : -0.03460805
c1tb : -0.00223720
c1e : -0.00090687
