c12 : -0.00083109
c1t : -0.05975111
c1b : -0.01277866
c1tb : -0.01627349
c1e : 0.00000000
