c12 : -0.00142336
c1t : -0.05841094
c1b : -0.01082177
c1tb : -0.00963268
c1e : -0.00034891
