c12 : -0.00713342
c1t : -0.05376257
c1b : -0.00952156
c1tb : -0.00157428
c1e : -0.00153320
