c12 : -0.00405294
c1t : -0.05643091
c1b : -0.01020136
c1tb : -0.00457563
c1e : -0.00055702
