c12 : -0.01478370
c1t : -0.03340071
c1b : -0.00732346
c1tb : -0.00054598
c1e : 0.00000000
