c12 : 0.00000000
c1t : -0.19686280
c1b : -0.03676439
c1tb : -0.20925976
c1e : 0.00000000
