c12 : -0.00218168
c1t : -0.05876387
c1b : -0.01248652
c1tb : -0.01162744
c1e : 0.00000000
