c12 : -0.00080858
c1t : -0.05959943
c1b : -0.01258952
c1tb : -0.01673297
c1e : -0.00010363
