c12 : -0.16157913
c1t : -0.02893278
c1b : -0.00684287
c1tb : -0.00000439
c1e : -0.00115206
