c12 : -0.15118594
c1t : -0.01339602
c1b : -0.00290547
c1tb : -0.00004601
c1e : -0.00410742
