c12 : -0.00150813
c1t : -0.04184301
c1b : -0.00914199
c1tb : -0.00937131
c1e : -0.00013109
