c12 : -0.15393461
c1t : -0.16577315
c1b : -0.02906435
c1tb : -0.00006104
c1e : -0.00745725
