c12 : -0.16320439
c1t : -0.02791644
c1b : -0.00513852
c1tb : -0.00001765
c1e : -0.00008291
