c12 : -0.00566979
c1t : -0.19276445
c1b : -0.03523827
c1tb : -0.00660014
c1e : 0.00000000
