c12 : -0.00414292
c1t : -0.05732949
c1b : -0.01221196
c1tb : -0.00446845
c1e : 0.00000000
