c12 : -0.01855871
c1t : -0.03124278
c1b : -0.00678723
c1tb : -0.00016629
c1e : -0.00105614
