c12 : -0.01711407
c1t : -0.04956934
c1b : -0.01000369
c1tb : -0.00091606
c1e : 0.00000000
