c12 : -0.01118014
c1t : -0.18933551
c1b : -0.03398467
c1tb : -0.00293812
c1e : -0.00004725
