c12 : -0.02559628
c1t : -0.18084142
c1b : -0.03206296
c1tb : -0.00069749
c1e : 0.00000000
