c12 : -0.08223059
c1t : -0.01572698
c1b : -0.00292484
c1tb : 0.00001612
c1e : -0.00152800
