c12 : -0.02138742
c1t : -0.04700331
c1b : -0.00946221
c1tb : -0.00025730
c1e : -0.00075111
