c12 : -0.00915935
c1t : -0.03685376
c1b : -0.00763863
c1tb : -0.00217573
c1e : -0.00001523
