c12 : -0.00914292
c1t : -0.03684862
c1b : -0.00787376
c1tb : -0.00220006
c1e : 0.00000000
