c12 : -0.01455242
c1t : -0.03346601
c1b : -0.00703556
c1tb : -0.00052884
c1e : -0.00058995
