c12 : -0.00212112
c1t : -0.05811392
c1b : -0.01066472
c1tb : -0.01147750
c1e : 0.00001102
