c12 : -0.01793069
c1t : -0.04728629
c1b : -0.00822116
c1tb : -0.00018908
c1e : -0.00276036
