c12 : -0.00512951
c1t : -0.05658585
c1b : -0.01165108
c1tb : -0.00556458
c1e : -0.00002950
