c12 : -0.04717887
c1t : -0.17395474
c1b : -0.03028971
c1tb : 0.00005953
c1e : -0.00265112
