c12 : -0.03010028
c1t : -0.02668202
c1b : -0.00559797
c1tb : -0.00011257
c1e : -0.00001693
