c12 : 0.00000000
c1t : -0.05952017
c1b : -0.01125300
c1tb : -0.19098586
c1e : 0.00000000
