c12 : -0.03379887
c1t : -0.17834695
c1b : -0.03097775
c1tb : -0.00020494
c1e : -0.00011238
