c12 : -0.09042556
c1t : -0.03157887
c1b : -0.00687294
c1tb : -0.00001152
c1e : -0.00004317
