c12 : -0.02005364
c1t : -0.03069889
c1b : -0.00649183
c1tb : -0.00023237
c1e : -0.00066316
