c12 : 0.00000000
c1t : -0.05940564
c1b : -0.01116227
c1tb : -0.18897019
c1e : 0.00000000
