c12 : -0.00386445
c1t : -0.19318509
c1b : -0.03521214
c1tb : -0.00543526
c1e : -0.00114476
