c12 : -0.00282906
c1t : -0.03845851
c1b : -0.00689814
c1tb : -0.00410507
c1e : -0.00072346
