c12 : -0.04203809
c1t : -0.02137560
c1b : -0.00362434
c1tb : 0.00000122
c1e : -0.00147685
