c12 : -0.00192332
c1t : -0.05903746
c1b : -0.01263278
c1tb : -0.01013232
c1e : 0.00000000
