c12 : -0.02889704
c1t : -0.04288883
c1b : -0.00723028
c1tb : -0.00006783
c1e : -0.00180669
