c12 : -0.00401645
c1t : -0.03811735
c1b : -0.00672067
c1tb : -0.00532836
c1e : -0.00001414
