c12 : -0.15821351
c1t : -0.03157642
c1b : -0.00806221
c1tb : -0.00003311
c1e : 0.00000000
