c12 : -0.08525974
c1t : -0.01686015
c1b : -0.00447668
c1tb : 0.00000566
c1e : -0.00082511
