c12 : -0.00845254
c1t : -0.03740001
c1b : -0.00811723
c1tb : -0.00155243
c1e : 0.00000000
