c12 : -0.16558637
c1t : -0.16344525
c1b : -0.02822699
c1tb : 0.00000976
c1e : 0.00000000
