c12 : -0.00765203
c1t : -0.03783495
c1b : -0.00839020
c1tb : -0.00143779
c1e : 0.00000000
