c12 : -0.02008335
c1t : -0.04841323
c1b : -0.01022278
c1tb : -0.00025823
c1e : 0.00000000
