c12 : 0.00000000
c1t : -0.06031949
c1b : -0.01286225
c1tb : -0.19118075
c1e : 0.00000000
