c12 : -0.04784138
c1t : -0.17428283
c1b : -0.03075118
c1tb : 0.00006364
c1e : -0.00124879
