c12 : -0.08874733
c1t : -0.16901441
c1b : -0.02985616
c1tb : 0.00007589
c1e : 0.00000000
