c12 : -0.00068493
c1t : -0.04248053
c1b : -0.00935028
c1tb : -0.01583499
c1e : -0.00008652
