c12 : -0.00102430
c1t : -0.19615102
c1b : -0.03646811
c1tb : -0.01804776
c1e : -0.00011731
