c12 : 0.00000000
c1t : -0.19697838
c1b : -0.03650045
c1tb : -0.19106700
c1e : 0.00000000
