c12 : -0.00240443
c1t : -0.19528162
c1b : -0.03584672
c1tb : -0.01291850
c1e : 0.00001608
