c12 : -0.01579582
c1t : -0.05033036
c1b : -0.01038309
c1tb : -0.00058541
c1e : 0.00000000
