c12 : 0.00000000
c1t : -0.04293241
c1b : -0.00982800
c1tb : -0.18849570
c1e : 0.00000000
