c12 : -0.00196319
c1t : -0.19558144
c1b : -0.03624954
c1tb : -0.01138002
c1e : 0.00000000
