c12 : -0.01982035
c1t : -0.02909153
c1b : -0.00470690
c1tb : -0.00034061
c1e : -0.00000011
