c12 : -0.00972496
c1t : -0.05308400
c1b : -0.00923583
c1tb : -0.00235645
c1e : -0.00006194
