c12 : -0.00073901
c1t : -0.04033756
c1b : -0.00747171
c1tb : -0.01784997
c1e : -0.00005560
