c12 : -0.00115701
c1t : -0.03994652
c1b : -0.00734539
c1tb : -0.00926603
c1e : -0.00030654
