c12 : -0.09047654
c1t : -0.03159028
c1b : -0.00699227
c1tb : -0.00000599
c1e : 0.00000000
