c12 : -0.04251073
c1t : -0.02334635
c1b : -0.00558995
c1tb : 0.00002484
c1e : -0.00131056
