c12 : -0.09316963
c1t : -0.03284014
c1b : -0.00763423
c1tb : 0.00002841
c1e : -0.00195123
