c12 : -0.01435787
c1t : -0.05039526
c1b : -0.01033142
c1tb : -0.00050836
c1e : -0.00103363
