c12 : 0.00000000
c1t : -0.19693737
c1b : -0.03634738
c1tb : -0.20918131
c1e : 0.00000000
