c12 : -0.01980881
c1t : -0.04766912
c1b : -0.00978826
c1tb : -0.00021220
c1e : -0.00121576
