c12 : -0.00924535
c1t : -0.05406232
c1b : -0.01127588
c1tb : -0.00172941
c1e : 0.00000000
