c12 : -0.04181037
c1t : -0.03873470
c1b : -0.00685127
c1tb : -0.00000180
c1e : -0.00410059
