c12 : -0.09236383
c1t : -0.16714244
c1b : -0.02897163
c1tb : 0.00010706
c1e : 0.00000000
