c12 : -0.00371070
c1t : -0.04041915
c1b : -0.00899097
c1tb : -0.00423827
c1e : 0.00000000
