c12 : -0.04290852
c1t : -0.17502105
c1b : -0.03081219
c1tb : 0.00003106
c1e : -0.00516406
