c12 : -0.09638730
c1t : -0.03232063
c1b : -0.00753891
c1tb : 0.00001210
c1e : 0.00000000
