c12 : -0.01566498
c1t : -0.03315844
c1b : -0.00677713
c1tb : -0.00078816
c1e : -0.00001354
