c12 : -0.02086518
c1t : -0.18351567
c1b : -0.03290758
c1tb : -0.00040242
c1e : -0.00149223
