c12 : -0.08248891
c1t : -0.01792897
c1b : -0.00486799
c1tb : -0.00000068
c1e : -0.00147696
