c12 : 0.00000000
c1t : -0.04299322
c1b : -0.00975517
c1tb : -0.20657296
c1e : 0.00000000
