c12 : 0.00000000
c1t : -0.19726139
c1b : -0.03680869
c1tb : -0.19299018
c1e : 0.00000000
