c12 : -0.00148249
c1t : -0.04203215
c1b : -0.00938982
c1tb : -0.00942452
c1e : 0.00000000
