c12 : -0.04263667
c1t : -0.02421875
c1b : -0.00605330
c1tb : 0.00000181
c1e : 0.00000000
