c12 : -0.08511878
c1t : -0.03464809
c1b : -0.00832209
c1tb : -0.00000148
c1e : 0.00000000
