c12 : -0.00456037
c1t : -0.05714878
c1b : -0.01211050
c1tb : -0.00465232
c1e : 0.00000000
