c12 : -0.16443105
c1t : -0.02808679
c1b : -0.00660738
c1tb : -0.00001643
c1e : 0.00000000
