c12 : -0.08921573
c1t : -0.03143439
c1b : -0.00547889
c1tb : 0.00000647
c1e : -0.00006373
