c12 : -0.03035273
c1t : -0.04321444
c1b : -0.00876982
c1tb : -0.00007018
c1e : -0.00087890
