c12 : -0.15442720
c1t : -0.02937723
c1b : -0.00573771
c1tb : -0.00004675
c1e : -0.00603029
