c12 : -0.01000089
c1t : -0.18950908
c1b : -0.03442660
c1tb : -0.00236392
c1e : -0.00062849
