c12 : -0.00404416
c1t : -0.04028519
c1b : -0.00885641
c1tb : -0.00442549
c1e : 0.00000000
