c12 : -0.00111165
c1t : -0.19635551
c1b : -0.03630950
c1tb : -0.01834589
c1e : -0.00014322
