c12 : 0.00000000
c1t : -0.06024355
c1b : -0.01296155
c1tb : -0.20715569
c1e : 0.00000000
