c12 : 0.00000000
c1t : -0.04307243
c1b : -0.00951140
c1tb : -0.20683675
c1e : 0.00000000
