c12 : -0.00196038
c1t : -0.04163226
c1b : -0.00922784
c1tb : -0.01129386
c1e : 0.00000000
