c12 : -0.09124576
c1t : -0.01854773
c1b : -0.00533929
c1tb : -0.00001184
c1e : 0.00000000
