c12 : -0.00050944
c1t : -0.04057247
c1b : -0.00754767
c1tb : -0.01571117
c1e : -0.00013982
