c12 : -0.15872814
c1t : -0.01444522
c1b : -0.00442600
c1tb : 0.00003524
c1e : 0.00000000
