c12 : -0.09642985
c1t : -0.03161286
c1b : -0.00716380
c1tb : -0.00000055
c1e : -0.00106849
