c12 : -0.00720762
c1t : -0.03557168
c1b : -0.00608947
c1tb : -0.00155019
c1e : -0.00081950
