c12 : -0.00206891
c1t : -0.19509830
c1b : -0.03614511
c1tb : -0.01126978
c1e : -0.00023701
