c12 : -0.00804212
c1t : -0.18997429
c1b : -0.03431366
c1tb : -0.00217893
c1e : -0.00205406
