c12 : -0.00401780
c1t : -0.05703287
c1b : -0.01186092
c1tb : -0.00441378
c1e : -0.00035532
