c12 : -0.01290288
c1t : -0.03209944
c1b : -0.00534593
c1tb : -0.00047219
c1e : -0.00107244
