c12 : -0.02297108
c1t : -0.04661662
c1b : -0.00914727
c1tb : -0.00041290
c1e : -0.00003762
