c12 : -0.01812739
c1t : -0.02944435
c1b : -0.00485278
c1tb : -0.00018102
c1e : -0.00121266
