c12 : -0.16602147
c1t : -0.16363068
c1b : -0.02803414
c1tb : 0.00001150
c1e : -0.00010559
