c12 : -0.00219203
c1t : -0.19514370
c1b : -0.03607180
c1tb : -0.01297974
c1e : -0.00006403
