c12 : -0.00498226
c1t : -0.19332628
c1b : -0.03555163
c1tb : -0.00571059
c1e : 0.00000000
