c12 : -0.00064948
c1t : -0.04049839
c1b : -0.00745418
c1tb : -0.01624171
c1e : -0.00017424
