c12 : -0.09354637
c1t : -0.01633259
c1b : -0.00439984
c1tb : 0.00000731
c1e : -0.00081939
