c12 : -0.04878442
c1t : -0.03781315
c1b : -0.00768866
c1tb : 0.00000756
c1e : -0.00004835
