c12 : -0.02627797
c1t : -0.04356921
c1b : -0.00755919
c1tb : -0.00003401
c1e : -0.00335253
