c12 : -0.02876861
c1t : -0.02748893
c1b : -0.00620918
c1tb : -0.00003924
c1e : 0.00000000
