c12 : -0.01089473
c1t : -0.18932088
c1b : -0.03426084
c1tb : -0.00299798
c1e : -0.00008509
