c12 : -0.02867627
c1t : -0.02706399
c1b : -0.00588875
c1tb : -0.00005131
c1e : -0.00073079
