c12 : -0.03046606
c1t : -0.04373503
c1b : -0.00911650
c1tb : -0.00007977
c1e : 0.00000000
