c12 : -0.00546280
c1t : -0.19289541
c1b : -0.03534432
c1tb : -0.00660606
c1e : -0.00006431
