c12 : -0.09635261
c1t : -0.16722099
c1b : -0.02899866
c1tb : 0.00003554
c1e : -0.00311944
