c12 : -0.08473869
c1t : -0.03345256
c1b : -0.00771158
c1tb : 0.00000123
c1e : -0.00190143
