c12 : -0.01643420
c1t : -0.04921658
c1b : -0.00829747
c1tb : -0.00088242
c1e : -0.00006164
