c12 : -0.01539648
c1t : -0.18616001
c1b : -0.03360489
c1tb : -0.00084021
c1e : -0.00127319
