c12 : -0.09552649
c1t : -0.01591230
c1b : -0.00425630
c1tb : 0.00000238
c1e : 0.00000000
