c12 : -0.01810319
c1t : -0.18524712
c1b : -0.03306694
c1tb : -0.00121559
c1e : -0.00005683
