c12 : -0.01570192
c1t : -0.03320155
c1b : -0.00700895
c1tb : -0.00082294
c1e : 0.00000000
