c12 : -0.02949945
c1t : -0.18118481
c1b : -0.03245182
c1tb : -0.00010206
c1e : 0.00000000
