c12 : -0.16061622
c1t : -0.01334347
c1b : -0.00393397
c1tb : -0.00002623
c1e : 0.00000000
