c12 : -0.15791900
c1t : -0.03023378
c1b : -0.00733532
c1tb : 0.00002118
c1e : -0.00218430
