c12 : -0.02452133
c1t : -0.18225144
c1b : -0.03195755
c1tb : -0.00066103
c1e : -0.00007425
