c12 : -0.02129051
c1t : -0.03036360
c1b : -0.00623037
c1tb : -0.00038252
c1e : -0.00001281
