c12 : 0.00000000
c1t : -0.06034850
c1b : -0.01274030
c1tb : -0.20738196
c1e : 0.00000000
