c12 : -0.03949021
c1t : -0.02190872
c1b : -0.00388758
c1tb : 0.00000706
c1e : -0.00307905
