c12 : -0.00164322
c1t : -0.19539332
c1b : -0.03582557
c1tb : -0.01121454
c1e : -0.00049245
