c12 : -0.15969606
c1t : -0.02841740
c1b : -0.00538782
c1tb : 0.00002586
c1e : -0.00251049
