c12 : -0.00141229
c1t : -0.03988473
c1b : -0.00721620
c1tb : -0.00967481
c1e : -0.00025276
