c12 : 0.00000000
c1t : -0.05978236
c1b : -0.01105969
c1tb : -0.20732635
c1e : 0.00000000
