c12 : -0.00197756
c1t : -0.04159306
c1b : -0.00901309
c1tb : -0.01119523
c1e : -0.00002184
