c12 : -0.00457271
c1t : -0.19363976
c1b : -0.03570436
c1tb : -0.00555717
c1e : 0.00000000
