c12 : -0.08794880
c1t : -0.03225622
c1b : -0.00725943
c1tb : -0.00001287
c1e : -0.00106750
