c12 : -0.04505641
c1t : -0.17545049
c1b : -0.03124325
c1tb : 0.00001895
c1e : -0.00203605
