c12 : -0.01457032
c1t : -0.05103956
c1b : -0.01074313
c1tb : -0.00054352
c1e : 0.00000000
