c12 : -0.00066437
c1t : -0.04258223
c1b : -0.00957311
c1tb : -0.01589413
c1e : 0.00000000
