c12 : -0.03371242
c1t : -0.17842855
c1b : -0.03128711
c1tb : -0.00019065
c1e : -0.00004435
