c12 : -0.00477565
c1t : -0.05623351
c1b : -0.01010936
c1tb : -0.00556201
c1e : -0.00003161
