c12 : 0.00000000
c1t : -0.19697452
c1b : -0.03668883
c1tb : -0.19303001
c1e : 0.00000000
