c12 : -0.16236223
c1t : -0.16449527
c1b : -0.02891371
c1tb : 0.00004767
c1e : -0.00142798
