c12 : -0.01015705
c1t : -0.05345093
c1b : -0.01095067
c1tb : -0.00238272
c1e : 0.00000000
