c12 : -0.09004993
c1t : -0.03211040
c1b : -0.00603268
c1tb : 0.00003361
c1e : -0.00529428
