c12 : -0.04627715
c1t : -0.02201645
c1b : -0.00491378
c1tb : -0.00001783
c1e : -0.00003122
