c12 : -0.04467674
c1t : -0.02295773
c1b : -0.00555856
c1tb : 0.00000548
c1e : 0.00000000
