c12 : -0.04792725
c1t : -0.17515099
c1b : -0.03096098
c1tb : 0.00004478
c1e : 0.00000000
