c12 : -0.08721248
c1t : -0.01644299
c1b : -0.00432434
c1tb : 0.00000151
c1e : 0.00000000
