c12 : -0.02830412
c1t : -0.04401504
c1b : -0.00915573
c1tb : -0.00005421
c1e : -0.00142687
