c12 : -0.08436386
c1t : -0.01541550
c1b : -0.00276227
c1tb : 0.00003542
c1e : -0.00001719
