c12 : -0.09763119
c1t : -0.03080381
c1b : -0.00539943
c1tb : 0.00001804
c1e : -0.00006755
