c12 : -0.01880596
c1t : -0.03190525
c1b : -0.00718283
c1tb : -0.00018470
c1e : 0.00000000
