c12 : -0.09742352
c1t : -0.16751109
c1b : -0.02945065
c1tb : 0.00004127
c1e : -0.00141542
