c12 : -0.00825847
c1t : -0.03532428
c1b : -0.00597659
c1tb : -0.00215117
c1e : -0.00002222
