c12 : -0.00081847
c1t : -0.19631721
c1b : -0.03648626
c1tb : -0.02007515
c1e : -0.00008717
