c12 : -0.09356550
c1t : -0.17046535
c1b : -0.03061703
c1tb : 0.00000397
c1e : 0.00000000
