c12 : -0.00479472
c1t : -0.19285233
c1b : -0.03513769
c1tb : -0.00560058
c1e : -0.00062410
