c12 : -0.07892873
c1t : -0.01637950
c1b : -0.00321487
c1tb : 0.00000784
c1e : -0.00370533
