c12 : -0.01387918
c1t : -0.18618973
c1b : -0.03331250
c1tb : -0.00079279
c1e : -0.00289152
