c12 : -0.08175827
c1t : -0.03271190
c1b : -0.00608799
c1tb : 0.00005000
c1e : -0.00514340
