c12 : -0.08282740
c1t : -0.01901657
c1b : -0.00539157
c1tb : -0.00001585
c1e : 0.00000000
