c12 : -0.00560145
c1t : -0.19292991
c1b : -0.03514475
c1tb : -0.00654981
c1e : -0.00001155
