c12 : -0.09340725
c1t : -0.16894446
c1b : -0.03002627
c1tb : 0.00001725
c1e : -0.00245594
