c12 : -0.08715981
c1t : -0.01632478
c1b : -0.00416358
c1tb : -0.00001434
c1e : -0.00003888
