c12 : -0.00208668
c1t : -0.19501996
c1b : -0.03615605
c1tb : -0.01155663
c1e : -0.00020816
