c12 : -0.01837282
c1t : -0.18520385
c1b : -0.03279146
c1tb : -0.00123828
c1e : -0.00006298
