c12 : -0.04780792
c1t : -0.03759138
c1b : -0.00625864
c1tb : 0.00001264
c1e : -0.00007086
