c12 : 0.00000000
c1t : -0.06017419
c1b : -0.01298622
c1tb : -0.18903942
c1e : 0.00000000
