c12 : -0.04632956
c1t : -0.02207883
c1b : -0.00510667
c1tb : -0.00001111
c1e : 0.00000000
