c12 : 0.00000000
c1t : -0.19683032
c1b : -0.03646931
c1tb : -0.19106118
c1e : 0.00000000
