c12 : -0.09370633
c1t : -0.01692605
c1b : -0.00474782
c1tb : 0.00001933
c1e : 0.00000000
