c12 : -0.01015901
c1t : -0.05340664
c1b : -0.01071222
c1tb : -0.00235254
c1e : -0.00003083
