c12 : -0.04417573
c1t : -0.03934145
c1b : -0.00848229
c1tb : 0.00002601
c1e : -0.00164134
