c12 : -0.01680113
c1t : -0.18617773
c1b : -0.03349319
c1tb : -0.00089842
c1e : 0.00000000
