c12 : -0.00112562
c1t : -0.19655018
c1b : -0.03628170
c1tb : -0.01998489
c1e : -0.00001190
