c12 : -0.15590493
c1t : -0.01627246
c1b : -0.00510651
c1tb : 0.00002402
c1e : 0.00000000
