c12 : -0.00333649
c1t : -0.05667122
c1b : -0.01028088
c1tb : -0.00436266
c1e : -0.00084181
