c12 : -0.00178098
c1t : -0.05905481
c1b : -0.01266305
c1tb : -0.00976339
c1e : 0.00000000
