c12 : -0.00087608
c1t : -0.19616979
c1b : -0.03649934
c1tb : -0.01849318
c1e : -0.00013953
