c12 : -0.00847492
c1t : -0.05451989
c1b : -0.01149856
c1tb : -0.00162404
c1e : 0.00000000
