c12 : -0.03134910
c1t : -0.04251773
c1b : -0.00699503
c1tb : -0.00012796
c1e : -0.00008191
