c12 : -0.05092318
c1t : -0.17344366
c1b : -0.03017878
c1tb : -0.00000744
c1e : 0.00000000
