c12 : -0.03214716
c1t : -0.04276182
c1b : -0.00842061
c1tb : -0.00011077
c1e : -0.00005851
