c12 : -0.09896270
c1t : -0.03094153
c1b : -0.00691758
c1tb : -0.00001116
c1e : 0.00000000
