c12 : -0.01542624
c1t : -0.18710978
c1b : -0.03391603
c1tb : -0.00083086
c1e : 0.00000000
