c12 : -0.02256943
c1t : -0.18274634
c1b : -0.03259540
c1tb : -0.00040511
c1e : -0.00093581
