c12 : -0.00392141
c1t : -0.04004272
c1b : -0.00855329
c1tb : -0.00437503
c1e : -0.00028067
