c12 : -0.03158446
c1t : -0.17902982
c1b : -0.03171074
c1tb : -0.00009038
c1e : -0.00109062
