c12 : -0.00090067
c1t : -0.04230377
c1b : -0.00929617
c1tb : -0.01792354
c1e : -0.00006559
