c12 : -0.00159518
c1t : -0.04184246
c1b : -0.00907108
c1tb : -0.00973430
c1e : -0.00014132
