c12 : -0.01566237
c1t : -0.04989230
c1b : -0.01005876
c1tb : -0.00058530
c1e : -0.00064998
