c12 : -0.00070481
c1t : -0.04259865
c1b : -0.00957964
c1tb : -0.01636364
c1e : 0.00000000
