c12 : -0.00088599
c1t : -0.05958581
c1b : -0.01278320
c1tb : -0.01842902
c1e : 0.00000000
