c12 : -0.08905554
c1t : -0.16815369
c1b : -0.02958149
c1tb : 0.00004829
c1e : -0.00139205
