c12 : -0.08794066
c1t : -0.03293794
c1b : -0.00761115
c1tb : 0.00000831
c1e : 0.00000000
