c12 : -0.01282276
c1t : -0.05004456
c1b : -0.00873478
c1tb : -0.00046392
c1e : -0.00226633
