c12 : -0.02730856
c1t : -0.17982471
c1b : -0.03175559
c1tb : -0.00011110
c1e : -0.00421536
