c12 : -0.04884773
c1t : -0.03778148
c1b : -0.00783949
c1tb : 0.00000774
c1e : 0.00000000
