c12 : -0.01458437
c1t : -0.04956460
c1b : -0.00847408
c1tb : -0.00058503
c1e : -0.00134208
