c12 : -0.05051575
c1t : -0.17346965
c1b : -0.03024035
c1tb : -0.00001338
c1e : -0.00003392
