c12 : -0.04437711
c1t : -0.04023625
c1b : -0.00899355
c1tb : 0.00000043
c1e : 0.00000000
