c12 : -0.02935056
c1t : -0.17999512
c1b : -0.03210540
c1tb : -0.00010406
c1e : -0.00174384
