c12 : -0.03024666
c1t : -0.02669480
c1b : -0.00579834
c1tb : -0.00012778
c1e : 0.00000000
