c12 : -0.00207598
c1t : -0.19542091
c1b : -0.03621681
c1tb : -0.01163023
c1e : 0.00000000
