c12 : -0.00082453
c1t : -0.05958561
c1b : -0.01260825
c1tb : -0.01624882
c1e : -0.00009989
