c12 : -0.08536094
c1t : -0.01743381
c1b : -0.00481031
c1tb : 0.00002010
c1e : 0.00000000
