c12 : -0.00093627
c1t : -0.05887358
c1b : -0.01092790
c1tb : -0.01824718
c1e : -0.00003216
