c12 : -0.02141604
c1t : -0.03037786
c1b : -0.00643598
c1tb : -0.00039390
c1e : 0.00000000
