c12 : -0.08725112
c1t : -0.01582477
c1b : -0.00314305
c1tb : 0.00001862
c1e : -0.00376763
