c12 : -0.00225048
c1t : -0.05862544
c1b : -0.01228236
c1tb : -0.01153033
c1e : 0.00001312
