c12 : -0.09041939
c1t : -0.16846234
c1b : -0.02960542
c1tb : 0.00006195
c1e : -0.00664065
