c12 : -0.00069804
c1t : -0.04249204
c1b : -0.00930095
c1tb : -0.01632008
c1e : -0.00011214
