c12 : 0.00000000
c1t : -0.04306031
c1b : -0.00951658
c1tb : -0.18872310
c1e : 0.00000000
