c12 : 0.00000000
c1t : -0.04108915
c1b : -0.00760280
c1tb : -0.20677690
c1e : 0.00000000
