c12 : -0.09710979
c1t : -0.16837890
c1b : -0.02974337
c1tb : 0.00006710
c1e : 0.00000000
