c12 : -0.00356411
c1t : -0.04014464
c1b : -0.00867543
c1tb : -0.00418308
c1e : -0.00034077
