c12 : -0.02226074
c1t : -0.04634325
c1b : -0.00769290
c1tb : -0.00042256
c1e : -0.00007834
