c12 : -0.09220126
c1t : -0.16724481
c1b : -0.02905343
c1tb : 0.00008445
c1e : -0.00003346
