c12 : -0.10081323
c1t : -0.16645847
c1b : -0.02884003
c1tb : 0.00010002
c1e : 0.00000000
