c12 : -0.09087580
c1t : -0.01741145
c1b : -0.00480074
c1tb : 0.00000886
c1e : -0.00152003
