c12 : -0.02641877
c1t : -0.02590200
c1b : -0.00427014
c1tb : -0.00002876
c1e : -0.00135786
