c12 : -0.00746465
c1t : -0.03742942
c1b : -0.00802024
c1tb : -0.00142972
c1e : -0.00064932
