c12 : -0.00230912
c1t : -0.19516821
c1b : -0.03594554
c1tb : -0.01301219
c1e : 0.00000000
