c12 : -0.02432124
c1t : -0.02642048
c1b : -0.00452223
c1tb : -0.00000013
c1e : -0.00261365
