c12 : -0.02426047
c1t : -0.18231247
c1b : -0.03225668
c1tb : -0.00062382
c1e : -0.00003806
