c12 : -0.01004506
c1t : -0.18998767
c1b : -0.03458856
c1tb : -0.00236546
c1e : 0.00000000
