c12 : -0.16457538
c1t : -0.02818920
c1b : -0.00643491
c1tb : -0.00004088
c1e : -0.00004305
