c12 : -0.01637801
c1t : -0.02993099
c1b : -0.00506755
c1tb : -0.00014108
c1e : -0.00221733
