c12 : -0.15487063
c1t : -0.01269980
c1b : -0.00258079
c1tb : 0.00001357
c1e : -0.00157303
