c12 : -0.00079519
c1t : -0.05901564
c1b : -0.01097546
c1tb : -0.01664095
c1e : -0.00014170
