c12 : 0.00000000
c1t : -0.06021303
c1b : -0.01315230
c1tb : -0.19091479
c1e : 0.00000000
