c12 : -0.03076206
c1t : -0.17885061
c1b : -0.03130388
c1tb : -0.00014954
c1e : -0.00225070
