c12 : -0.02018455
c1t : -0.03106487
c1b : -0.00680694
c1tb : -0.00020879
c1e : 0.00000000
