c12 : -0.00215346
c1t : -0.19516958
c1b : -0.03586936
c1tb : -0.01150575
c1e : -0.00024328
