c12 : -0.00832351
c1t : -0.05340834
c1b : -0.00935210
c1tb : -0.00174832
c1e : -0.00095566
