c12 : -0.02276822
c1t : -0.18342440
c1b : -0.03274100
c1tb : -0.00043531
c1e : 0.00000000
