c12 : -0.01331039
c1t : -0.03390673
c1b : -0.00728220
c1tb : -0.00043191
c1e : -0.00092626
