c12 : -0.04501697
c1t : -0.03800691
c1b : -0.00650805
c1tb : 0.00000982
c1e : -0.00203400
