c12 : -0.00091479
c1t : -0.19633605
c1b : -0.03641379
c1tb : -0.02008360
c1e : 0.00000000
