c12 : -0.01431671
c1t : -0.03178966
c1b : -0.00523559
c1tb : -0.00074420
c1e : -0.00000059
