c12 : -0.01677000
c1t : -0.18554704
c1b : -0.03333811
c1tb : -0.00086433
c1e : -0.00081020
