c12 : -0.00099182
c1t : -0.19652180
c1b : -0.03652708
c1tb : -0.01812558
c1e : 0.00000000
