c12 : -0.15837772
c1t : -0.01394309
c1b : -0.00407961
c1tb : -0.00001345
c1e : -0.00085185
