c12 : -0.00468189
c1t : -0.19307019
c1b : -0.03554175
c1tb : -0.00551871
c1e : -0.00053984
