c12 : 0.00000000
c1t : -0.06026400
c1b : -0.01279687
c1tb : -0.18923946
c1e : 0.00000000
