c12 : -0.01000261
c1t : 0.00000000
c1b : -0.02454243
c1tb : 0.00000000
c1e : -0.00365484
