c12 : -0.03774118
c1t : 0.00000000
c1b : -0.06663063
c1tb : 0.00000000
c1e : 0.00000000
