c12 : -0.03327339
c1t : 0.00000000
c1b : -0.01519822
c1tb : 0.00000000
c1e : -0.00832949
