c12 : -0.01570109
c1t : 0.00000000
c1b : -0.02417103
c1tb : 0.00000000
c1e : 0.00000000
