c12 : -0.05497581
c1t : 0.00000000
c1b : -0.01200397
c1tb : 0.00000000
c1e : 0.00000000
