c12 : -0.07402935
c1t : 0.00000000
c1b : -0.06337280
c1tb : 0.00000000
c1e : 0.00000000
