c12 : -0.04355627
c1t : 0.00000000
c1b : -0.01311128
c1tb : 0.00000000
c1e : -0.00219904
