c12 : -0.07312670
c1t : 0.00000000
c1b : -0.01067052
c1tb : 0.00000000
c1e : 0.00000000
