c12 : -0.11599225
c1t : 0.00000000
c1b : -0.01253292
c1tb : 0.00000000
c1e : 0.00000000
