c12 : -0.02708280
c1t : 0.00000000
c1b : -0.01011502
c1tb : 0.00000000
c1e : -0.00431401
