c12 : -0.12715413
c1t : 0.00000000
c1b : -0.05021304
c1tb : 0.00000000
c1e : -0.01153944
