c12 : -0.01981386
c1t : 0.00000000
c1b : -0.02052489
c1tb : 0.00000000
c1e : 0.00000000
