c12 : -0.02561902
c1t : 0.00000000
c1b : -0.02011522
c1tb : 0.00000000
c1e : -0.00459226
