c12 : -0.02705119
c1t : 0.00000000
c1b : -0.01705873
c1tb : 0.00000000
c1e : -0.00243267
