c12 : -0.03782595
c1t : 0.00000000
c1b : -0.05491335
c1tb : 0.00000000
c1e : -0.01213010
