c12 : -0.03214685
c1t : 0.00000000
c1b : -0.01272754
c1tb : 0.00000000
c1e : -0.00408609
