c12 : -0.11655512
c1t : 0.00000000
c1b : -0.01113850
c1tb : 0.00000000
c1e : -0.01209234
