c12 : -0.02964351
c1t : 0.00000000
c1b : -0.01357268
c1tb : 0.00000000
c1e : -0.00495702
