c12 : -0.04952930
c1t : 0.00000000
c1b : -0.01024440
c1tb : 0.00000000
c1e : -0.00419544
