c12 : -0.13347243
c1t : 0.00000000
c1b : -0.05235951
c1tb : 0.00000000
c1e : 0.00000000
