c12 : -0.05446537
c1t : 0.00000000
c1b : -0.01174532
c1tb : 0.00000000
c1e : -0.00211181
