c12 : -0.04612030
c1t : 0.00000000
c1b : -0.05969542
c1tb : 0.00000000
c1e : 0.00000000
