c12 : -0.00954194
c1t : 0.00000000
c1b : -0.06974244
c1tb : 0.00000000
c1e : -0.00495799
