c12 : -0.01615666
c1t : 0.00000000
c1b : -0.02417848
c1tb : 0.00000000
c1e : -0.00459681
