c12 : -0.11457378
c1t : 0.00000000
c1b : -0.00766615
c1tb : 0.00000000
c1e : -0.00409880
