c12 : -0.00863478
c1t : 0.00000000
c1b : -0.02964308
c1tb : 0.00000000
c1e : -0.00324919
