c12 : -0.00782211
c1t : 0.00000000
c1b : -0.02993743
c1tb : 0.00000000
c1e : -0.00345714
