c12 : -0.07747913
c1t : 0.00000000
c1b : -0.05984089
c1tb : 0.00000000
c1e : 0.00000000
