c12 : -0.19147146
c1t : 0.00000000
c1b : -0.00455769
c1tb : 0.00000000
c1e : -0.00478223
