c12 : -0.05438191
c1t : 0.00000000
c1b : -0.05189165
c1tb : 0.00000000
c1e : -0.00992213
