c12 : -0.12076410
c1t : 0.00000000
c1b : -0.04839554
c1tb : 0.00000000
c1e : -0.01169668
