c12 : -0.03592134
c1t : 0.00000000
c1b : -0.06293469
c1tb : 0.00000000
c1e : 0.00000000
