c12 : -0.04775660
c1t : 0.00000000
c1b : -0.00692797
c1tb : 0.00000000
c1e : -0.00144311
