c12 : -0.11564267
c1t : 0.00000000
c1b : -0.02077776
c1tb : 0.00000000
c1e : 0.00000000
