c12 : -0.03604760
c1t : 0.00000000
c1b : -0.05708687
c1tb : 0.00000000
c1e : -0.00513754
