c12 : -0.04855059
c1t : 0.00000000
c1b : -0.01271071
c1tb : 0.00000000
c1e : -0.00604618
