c12 : -0.12869354
c1t : 0.00000000
c1b : -0.00645971
c1tb : 0.00000000
c1e : -0.00161811
