c12 : -0.04332038
c1t : 0.00000000
c1b : -0.02196263
c1tb : 0.00000000
c1e : 0.00000000
