c12 : -0.01256883
c1t : 0.00000000
c1b : -0.03212514
c1tb : 0.00000000
c1e : 0.00000000
