c12 : -0.01495510
c1t : 0.00000000
c1b : -0.06852490
c1tb : 0.00000000
c1e : -0.00433480
