c12 : -0.01298506
c1t : 0.00000000
c1b : -0.02198462
c1tb : 0.00000000
c1e : -0.00513203
