c12 : -0.05078976
c1t : 0.00000000
c1b : -0.02273715
c1tb : 0.00000000
c1e : 0.00000000
