c12 : -0.05429534
c1t : 0.00000000
c1b : -0.05213967
c1tb : 0.00000000
c1e : -0.00525448
