c12 : -0.01073545
c1t : 0.00000000
c1b : -0.02142123
c1tb : 0.00000000
c1e : -0.00311057
