c12 : -0.05445860
c1t : 0.00000000
c1b : -0.02062880
c1tb : 0.00000000
c1e : 0.00000000
