c12 : -0.21081030
c1t : 0.00000000
c1b : -0.01288040
c1tb : 0.00000000
c1e : 0.00000000
