c12 : -0.01101483
c1t : 0.00000000
c1b : -0.06949560
c1tb : 0.00000000
c1e : -0.00486330
