c12 : -0.07689539
c1t : 0.00000000
c1b : -0.01240418
c1tb : 0.00000000
c1e : -0.00237072
