c12 : -0.03012560
c1t : 0.00000000
c1b : -0.05836329
c1tb : 0.00000000
c1e : -0.00704151
