c12 : -0.01588976
c1t : 0.00000000
c1b : -0.07371362
c1tb : 0.00000000
c1e : 0.00000000
