c12 : -0.12032948
c1t : 0.00000000
c1b : -0.01814629
c1tb : 0.00000000
c1e : 0.00000000
