c12 : -0.06391417
c1t : 0.00000000
c1b : -0.05185660
c1tb : 0.00000000
c1e : -0.01526334
