c12 : -0.04620140
c1t : 0.00000000
c1b : -0.01128146
c1tb : 0.00000000
c1e : -0.00544154
