c12 : -0.13437350
c1t : 0.00000000
c1b : -0.04840717
c1tb : 0.00000000
c1e : -0.00893990
