c12 : -0.05801522
c1t : 0.00000000
c1b : -0.05187028
c1tb : 0.00000000
c1e : -0.00817787
