c12 : -0.13536416
c1t : 0.00000000
c1b : -0.01055328
c1tb : 0.00000000
c1e : -0.00229894
