c12 : -0.20473845
c1t : 0.00000000
c1b : -0.01110038
c1tb : 0.00000000
c1e : -0.00564746
