c12 : -0.01870391
c1t : 0.00000000
c1b : -0.02865126
c1tb : 0.00000000
c1e : 0.00000000
