c12 : -0.02308749
c1t : 0.00000000
c1b : -0.05953680
c1tb : 0.00000000
c1e : -0.00952032
