c12 : -0.20157094
c1t : 0.00000000
c1b : -0.05019379
c1tb : 0.00000000
c1e : -0.01181486
