c12 : -0.05332783
c1t : 0.00000000
c1b : -0.05196421
c1tb : 0.00000000
c1e : -0.00506868
