c12 : -0.01324380
c1t : 0.00000000
c1b : -0.02059135
c1tb : 0.00000000
c1e : -0.00241477
