c12 : -0.20358296
c1t : 0.00000000
c1b : -0.00572467
c1tb : 0.00000000
c1e : -0.00172180
