c12 : -0.04790968
c1t : 0.00000000
c1b : -0.01832803
c1tb : 0.00000000
c1e : 0.00000000
