c12 : -0.01326987
c1t : 0.00000000
c1b : -0.06624124
c1tb : 0.00000000
c1e : -0.00568507
