c12 : -0.01128930
c1t : 0.00000000
c1b : -0.07653731
c1tb : 0.00000000
c1e : 0.00000000
