c12 : -0.01118860
c1t : 0.00000000
c1b : -0.01570399
c1tb : 0.00000000
c1e : -0.00425437
