c12 : -0.01087100
c1t : 0.00000000
c1b : -0.02892130
c1tb : 0.00000000
c1e : -0.00275802
