c12 : -0.06387564
c1t : 0.00000000
c1b : -0.01009934
c1tb : 0.00000000
c1e : -0.00574885
