c12 : -0.01912986
c1t : 0.00000000
c1b : -0.01737622
c1tb : 0.00000000
c1e : -0.00236661
