c12 : -0.05509282
c1t : 0.00000000
c1b : -0.05802147
c1tb : 0.00000000
c1e : 0.00000000
