c12 : -0.06556326
c1t : 0.00000000
c1b : -0.00580454
c1tb : 0.00000000
c1e : -0.00123815
