c12 : -0.12449314
c1t : 0.00000000
c1b : -0.00748791
c1tb : 0.00000000
c1e : -0.00413195
