c12 : -0.00848735
c1t : 0.00000000
c1b : -0.01796312
c1tb : 0.00000000
c1e : -0.00300428
