c12 : -0.12025265
c1t : 0.00000000
c1b : -0.05003433
c1tb : 0.00000000
c1e : -0.01775006
