c12 : -0.00993601
c1t : 0.00000000
c1b : -0.06990638
c1tb : 0.00000000
c1e : -0.00509268
