c12 : -0.12439284
c1t : 0.00000000
c1b : -0.01324404
c1tb : 0.00000000
c1e : -0.00767362
