c12 : -0.01516526
c1t : 0.00000000
c1b : -0.02983869
c1tb : 0.00000000
c1e : 0.00000000
