c12 : -0.19949959
c1t : 0.00000000
c1b : -0.00678658
c1tb : 0.00000000
c1e : -0.00421933
