c12 : -0.07671690
c1t : 0.00000000
c1b : -0.05025865
c1tb : 0.00000000
c1e : -0.00851545
