c12 : -0.01187996
c1t : 0.00000000
c1b : -0.07610244
c1tb : 0.00000000
c1e : 0.00000000
