c12 : -0.03907793
c1t : 0.00000000
c1b : -0.01151120
c1tb : 0.00000000
c1e : -0.00415422
