c12 : -0.01478772
c1t : 0.00000000
c1b : -0.01874377
c1tb : 0.00000000
c1e : -0.00397312
