c12 : -0.01378530
c1t : 0.00000000
c1b : -0.02381943
c1tb : 0.00000000
c1e : 0.00000000
