c12 : -0.03325910
c1t : 0.00000000
c1b : -0.00896869
c1tb : 0.00000000
c1e : -0.00445642
