c12 : -0.01417039
c1t : 0.00000000
c1b : -0.06815561
c1tb : 0.00000000
c1e : -0.00397592
