c12 : -0.01946440
c1t : 0.00000000
c1b : -0.06305007
c1tb : 0.00000000
c1e : -0.00684068
