c12 : -0.13065515
c1t : 0.00000000
c1b : -0.04813875
c1tb : 0.00000000
c1e : -0.01179981
