c12 : -0.14214407
c1t : 0.00000000
c1b : -0.04597726
c1tb : 0.00000000
c1e : -0.00507871
