c12 : -0.01946724
c1t : 0.00000000
c1b : -0.01220429
c1tb : 0.00000000
c1e : -0.00398168
