c12 : -0.03185480
c1t : 0.00000000
c1b : -0.01842143
c1tb : 0.00000000
c1e : -0.00588452
