c12 : -0.01312671
c1t : 0.00000000
c1b : -0.02376226
c1tb : 0.00000000
c1e : -0.00241722
