c12 : -0.02721429
c1t : 0.00000000
c1b : -0.01639263
c1tb : 0.00000000
c1e : -0.00766392
