c12 : -0.20530659
c1t : 0.00000000
c1b : -0.01729571
c1tb : 0.00000000
c1e : 0.00000000
