c12 : -0.02445552
c1t : 0.00000000
c1b : -0.02727410
c1tb : 0.00000000
c1e : 0.00000000
