c12 : -0.12054732
c1t : 0.00000000
c1b : -0.00915433
c1tb : 0.00000000
c1e : 0.00000000
