c12 : -0.00982455
c1t : 0.00000000
c1b : -0.02181138
c1tb : 0.00000000
c1e : -0.00339968
