c12 : -0.20112069
c1t : 0.00000000
c1b : -0.06206195
c1tb : 0.00000000
c1e : 0.00000000
