c12 : -0.02669508
c1t : 0.00000000
c1b : -0.06684953
c1tb : 0.00000000
c1e : 0.00000000
