c12 : -0.06757909
c1t : 0.00000000
c1b : -0.00901164
c1tb : 0.00000000
c1e : -0.00419746
