c12 : -0.12705648
c1t : 0.00000000
c1b : -0.01360088
c1tb : 0.00000000
c1e : 0.00000000
