c12 : -0.01836316
c1t : 0.00000000
c1b : -0.06504772
c1tb : 0.00000000
c1e : -0.00435399
