c12 : -0.01120117
c13 : -0.03539851
c14 : -0.02271931
c1t : 0.00000000
c1b : -0.05279779
c23 : -0.00046292
c24 : -0.02942991
c2t : 0.00000000
c2b : -0.00034535
