c12 : -0.01309102
c13 : -0.04490815
c14 : -0.02714984
c1t : 0.00000000
c1b : -0.05458409
c23 : -0.00332272
c24 : -0.03054366
c2t : 0.00000000
c2b : -0.00257599
