c12 : -0.00504410
c13 : -0.20764224
c14 : -0.01745063
c1t : 0.00000000
c1b : -0.04482377
c23 : -0.00146735
c24 : -0.16432822
c2t : 0.00000000
c2b : -0.00012207
