c12 : -0.00173152
c13 : -0.19254656
c14 : -0.00387356
c1t : 0.00000000
c1b : -0.00713512
c23 : -0.00391397
c24 : -0.16557847
c2t : 0.00000000
c2b : -0.00072551
