c12 : -0.00779425
c13 : -0.12577038
c14 : -0.02416114
c1t : 0.00000000
c1b : -0.05613590
c23 : -0.00143092
c24 : -0.10209620
c2t : 0.00000000
c2b : -0.00370194
