c12 : -0.00732488
c13 : -0.02344573
c14 : -0.00532370
c1t : 0.00000000
c1b : -0.01392646
c23 : -0.00919866
c24 : -0.02208712
c2t : 0.00000000
c2b : -0.00443545
