c12 : -0.00498221
c13 : -0.03191457
c14 : -0.00485576
c1t : 0.00000000
c1b : -0.01112617
c23 : -0.00487915
c24 : -0.03047325
c2t : 0.00000000
c2b : -0.00071265
