c12 : -0.00165298
c13 : -0.19689208
c14 : -0.00361661
c1t : 0.00000000
c1b : -0.00623259
c23 : -0.00489351
c24 : -0.16562746
c2t : 0.00000000
c2b : -0.00062878
