c12 : -0.00382251
c13 : -0.12165842
c14 : -0.00825199
c1t : 0.00000000
c1b : -0.01569617
c23 : -0.00419201
c24 : -0.10349321
c2t : 0.00000000
c2b : -0.00597884
