c12 : -0.00919308
c13 : -0.02388427
c14 : -0.00756511
c1t : 0.00000000
c1b : -0.01962525
c23 : -0.00530181
c24 : -0.02221308
c2t : 0.00000000
c2b : -0.00571638
