c12 : -0.00642874
c13 : -0.21237694
c14 : -0.02284588
c1t : 0.00000000
c1b : -0.04819833
c23 : -0.00325521
c24 : -0.16605598
c2t : 0.00000000
c2b : -0.00229721
