c12 : -0.00513789
c13 : -0.20360889
c14 : -0.01749109
c1t : 0.00000000
c1b : -0.04565619
c23 : -0.00050523
c24 : -0.16457896
c2t : 0.00000000
c2b : -0.00024750
