c12 : -0.01326056
c13 : -0.02455242
c14 : -0.02384773
c1t : 0.00000000
c1b : -0.05494525
c23 : -0.00074490
c24 : -0.01986553
c2t : 0.00000000
c2b : -0.00036221
