c12 : -0.00602542
c13 : -0.13143153
c14 : -0.01808093
c1t : 0.00000000
c1b : -0.04574166
c23 : -0.00145065
c24 : -0.10049593
c2t : 0.00000000
c2b : -0.00011438
