c12 : -0.00903976
c13 : -0.01138753
c14 : -0.00489575
c1t : 0.00000000
c1b : -0.01833722
c23 : -0.00573514
c24 : -0.01385108
c2t : 0.00000000
c2b : -0.00718135
