c12 : -0.00202149
c13 : -0.12303003
c14 : -0.00374387
c1t : 0.00000000
c1b : -0.00630308
c23 : -0.00684871
c24 : -0.10147388
c2t : 0.00000000
c2b : -0.00029949
