c12 : -0.00212960
c13 : -0.11320112
c14 : -0.00377222
c1t : 0.00000000
c1b : -0.00642017
c23 : -0.00687363
c24 : -0.09323579
c2t : 0.00000000
c2b : -0.00030237
