c12 : -0.00919634
c13 : -0.02503991
c14 : -0.00742068
c1t : 0.00000000
c1b : -0.01872403
c23 : -0.00758720
c24 : -0.02189218
c2t : 0.00000000
c2b : -0.00408424
