c12 : -0.00811495
c13 : -0.06909498
c14 : -0.02038718
c1t : 0.00000000
c1b : -0.04856899
c23 : -0.00054774
c24 : -0.05298891
c2t : 0.00000000
c2b : -0.00029885
