c12 : -0.01330502
c13 : -0.02596077
c14 : -0.02372279
c1t : 0.00000000
c1b : -0.05468568
c23 : -0.00170476
c24 : -0.01961868
c2t : 0.00000000
c2b : -0.00017893
