c12 : -0.00588737
c13 : -0.03474635
c14 : -0.00563721
c1t : 0.00000000
c1b : -0.01253568
c23 : -0.00699376
c24 : -0.03198614
c2t : 0.00000000
c2b : -0.00597342
