c12 : -0.00381652
c13 : -0.06610956
c14 : -0.00509257
c1t : 0.00000000
c1b : -0.00889878
c23 : -0.01011149
c24 : -0.05539498
c2t : 0.00000000
c2b : -0.00378245
