c12 : -0.00987945
c13 : -0.01077461
c14 : -0.00580571
c1t : 0.00000000
c1b : -0.02193488
c23 : -0.00339616
c24 : -0.01267382
c2t : 0.00000000
c2b : -0.00171158
