c12 : -0.00371676
c13 : -0.12582444
c14 : -0.00769255
c1t : 0.00000000
c1b : -0.01357597
c23 : -0.00522813
c24 : -0.10337609
c2t : 0.00000000
c2b : -0.00547454
