c12 : -0.01313946
c13 : 0.00000000
c14 : 0.00000000
c1t : 0.00000000
c1b : -0.03451321
c23 : 0.00000000
c24 : 0.00000000
c2t : 0.00000000
c2b : -0.01622613
