c12 : -0.01107988
c13 : -0.01209249
c14 : -0.00644958
c1t : 0.00000000
c1b : -0.02358490
c23 : -0.00473897
c24 : -0.01359758
c2t : 0.00000000
c2b : -0.00651413
