c12 : -0.00243511
c13 : -0.20447926
c14 : -0.00589024
c1t : 0.00000000
c1b : -0.00973931
c23 : -0.00519090
c24 : -0.16532458
c2t : 0.00000000
c2b : -0.00025736
