c12 : -0.01172816
c13 : 0.00000000
c14 : 0.00000000
c1t : 0.00000000
c1b : -0.03306051
c23 : 0.00000000
c24 : 0.00000000
c2t : 0.00000000
c2b : -0.01517815
