c12 : -0.00264509
c13 : -0.12170582
c14 : -0.00491147
c1t : 0.00000000
c1b : -0.00898138
c23 : -0.00687290
c24 : -0.10364010
c2t : 0.00000000
c2b : -0.00593858
