c12 : -0.01872205
c13 : -0.01385749
c14 : -0.02512523
c1t : 0.00000000
c1b : -0.06331515
c23 : -0.00165242
c24 : -0.01233358
c2t : 0.00000000
c2b : -0.00410248
