c12 : -0.00788368
c13 : -0.12124334
c14 : -0.02405246
c1t : 0.00000000
c1b : -0.05308524
c23 : -0.00180503
c24 : -0.09380452
c2t : 0.00000000
c2b : -0.00351072
