c12 : -0.00628031
c13 : -0.02040570
c14 : -0.00479047
c1t : 0.00000000
c1b : -0.01323836
c23 : -0.00489102
c24 : -0.02121986
c2t : 0.00000000
c2b : -0.00100732
