c12 : -0.01111375
c13 : -0.01158830
c14 : -0.00661759
c1t : 0.00000000
c1b : -0.02405256
c23 : -0.00427082
c24 : -0.01373650
c2t : 0.00000000
c2b : -0.00679539
