c12 : -0.00650224
c13 : -0.03733043
c14 : -0.00682245
c1t : 0.00000000
c1b : -0.01481636
c23 : -0.00540785
c24 : -0.02973118
c2t : 0.00000000
c2b : -0.00035784
