c12 : -0.00397935
c13 : -0.11196866
c14 : -0.00824520
c1t : 0.00000000
c1b : -0.01575675
c23 : -0.00421480
c24 : -0.09531068
c2t : 0.00000000
c2b : -0.00596129
