c12 : -0.01110995
c13 : -0.03774864
c14 : -0.02273454
c1t : 0.00000000
c1b : -0.05206465
c23 : -0.00062784
c24 : -0.02939649
c2t : 0.00000000
c2b : -0.00032588
