c12 : -0.01332173
c13 : -0.03944808
c14 : -0.02749414
c1t : 0.00000000
c1b : -0.05876087
c23 : -0.00148551
c24 : -0.03086118
c2t : 0.00000000
c2b : -0.00394440
