c12 : -0.00748646
c13 : -0.03820100
c14 : -0.00770699
c1t : 0.00000000
c1b : -0.01606609
c23 : -0.00794197
c24 : -0.03141603
c2t : 0.00000000
c2b : -0.00374701
