c12 : -0.00448581
c13 : -0.06351704
c14 : -0.00675365
c1t : 0.00000000
c1b : -0.01313596
c23 : -0.00326246
c24 : -0.05396987
c2t : 0.00000000
c2b : -0.00057265
