c12 : -0.01624610
c13 : -0.01267924
c14 : -0.02216197
c1t : 0.00000000
c1b : -0.05927446
c23 : -0.00176017
c24 : -0.01084761
c2t : 0.00000000
c2b : -0.00032007
