c12 : -0.00312485
c13 : -0.11782592
c14 : -0.00605979
c1t : 0.00000000
c1b : -0.01045344
c23 : -0.00523827
c24 : -0.09319979
c2t : 0.00000000
c2b : -0.00028257
