c12 : -0.01558729
c13 : -0.02648511
c14 : -0.02789220
c1t : 0.00000000
c1b : -0.06051484
c23 : -0.00164890
c24 : -0.02124494
c2t : 0.00000000
c2b : -0.00397867
