c12 : -0.00788296
c13 : -0.01003557
c14 : -0.00424644
c1t : 0.00000000
c1b : -0.01676778
c23 : -0.00431653
c24 : -0.01287290
c2t : 0.00000000
c2b : -0.00199095
