c12 : -0.01623890
c13 : -0.01104542
c14 : -0.02235852
c1t : 0.00000000
c1b : -0.05959319
c23 : -0.00063425
c24 : -0.01108908
c2t : 0.00000000
c2b : -0.00052534
