c12 : -0.00652028
c13 : -0.03388142
c14 : -0.00702119
c1t : 0.00000000
c1b : -0.01565307
c23 : -0.00357235
c24 : -0.03025143
c2t : 0.00000000
c2b : -0.00063058
