c12 : -0.00518558
c13 : -0.06925312
c14 : -0.00753806
c1t : 0.00000000
c1b : -0.01324471
c23 : -0.00813989
c24 : -0.05532848
c2t : 0.00000000
c2b : -0.00351875
