c12 : -0.00492601
c13 : -0.03385158
c14 : -0.00468035
c1t : 0.00000000
c1b : -0.01057427
c23 : -0.00550467
c24 : -0.03032833
c2t : 0.00000000
c2b : -0.00065979
