c12 : -0.00316957
c13 : -0.11543987
c14 : -0.00620599
c1t : 0.00000000
c1b : -0.01097581
c23 : -0.00372221
c24 : -0.09349627
c2t : 0.00000000
c2b : -0.00051075
