c12 : -0.00225547
c13 : -0.19257705
c14 : -0.00531410
c1t : 0.00000000
c1b : -0.01048021
c23 : -0.00534264
c24 : -0.16757953
c2t : 0.00000000
c2b : -0.00658228
