c12 : -0.00214775
c13 : -0.11731004
c14 : -0.00414507
c1t : 0.00000000
c1b : -0.00754014
c23 : -0.00410200
c24 : -0.10182145
c2t : 0.00000000
c2b : -0.00068578
