c12 : -0.00308670
c13 : -0.12104657
c14 : -0.00642206
c1t : 0.00000000
c1b : -0.01183565
c23 : -0.00297786
c24 : -0.10168320
c2t : 0.00000000
c2b : -0.00060341
