c12 : -0.00595465
c13 : -0.03288356
c14 : -0.00599219
c1t : 0.00000000
c1b : -0.01360906
c23 : -0.00604766
c24 : -0.03218090
c2t : 0.00000000
c2b : -0.00639476
