c12 : -0.00403319
c13 : -0.06172230
c14 : -0.00574503
c1t : 0.00000000
c1b : -0.01166117
c23 : -0.00580731
c24 : -0.05609566
c2t : 0.00000000
c2b : -0.00643059
