c12 : -0.00270296
c13 : -0.11380414
c14 : -0.00470122
c1t : 0.00000000
c1b : -0.00753296
c23 : -0.01022786
c24 : -0.09493928
c2t : 0.00000000
c2b : -0.00366339
