c12 : -0.00301468
c13 : -0.20151310
c14 : -0.00739409
c1t : 0.00000000
c1b : -0.01318701
c23 : -0.00515920
c24 : -0.16713719
c2t : 0.00000000
c2b : -0.00549604
