c12 : -0.00994026
c13 : -0.07363901
c14 : -0.02538543
c1t : 0.00000000
c1b : -0.05430713
c23 : -0.00182207
c24 : -0.05416558
c2t : 0.00000000
c2b : -0.00364346
