c12 : -0.00392864
c13 : -0.06451931
c14 : -0.00530898
c1t : 0.00000000
c1b : -0.01025852
c23 : -0.00700186
c24 : -0.05592437
c2t : 0.00000000
c2b : -0.00590803
