c12 : -0.00784885
c13 : -0.01069244
c14 : -0.00414182
c1t : 0.00000000
c1b : -0.01656030
c23 : -0.00469430
c24 : -0.01266552
c2t : 0.00000000
c2b : -0.00197048
