c12 : -0.00442489
c13 : -0.06673633
c14 : -0.00654016
c1t : 0.00000000
c1b : -0.01238739
c23 : -0.00389178
c24 : -0.05389864
c2t : 0.00000000
c2b : -0.00049094
