c12 : -0.00299192
c13 : -0.12781382
c14 : -0.00603416
c1t : 0.00000000
c1b : -0.01031773
c23 : -0.00523564
c24 : -0.10142187
c2t : 0.00000000
c2b : -0.00028542
