c12 : -0.00902674
c13 : -0.01202467
c14 : -0.00469100
c1t : 0.00000000
c1b : -0.01778321
c23 : -0.00794809
c24 : -0.01340132
c2t : 0.00000000
c2b : -0.00564048
