c12 : -0.00822345
c13 : -0.06545606
c14 : -0.02033433
c1t : 0.00000000
c1b : -0.04958233
c23 : -0.00041039
c24 : -0.05305371
c2t : 0.00000000
c2b : -0.00031046
