c12 : -0.00775280
c13 : -0.12676518
c14 : -0.02365813
c1t : 0.00000000
c1b : -0.04922330
c23 : -0.00331979
c24 : -0.09373177
c2t : 0.00000000
c2b : -0.00237160
