c12 : -0.00627166
c13 : -0.02266222
c14 : -0.00459158
c1t : 0.00000000
c1b : -0.01270176
c23 : -0.00677109
c24 : -0.02057445
c2t : 0.00000000
c2b : -0.00073508
