botleft : -0.00462841
botright : -0.00454577
c1 : 0.16376953
c2 : -0.03505608
c2e : -0.00418896
c3 : -0.09999682
topleft : -0.00748024
topright : -0.00783631
