botleft : -0.01334162
botright : -0.01318350
c1 : 0.09497724
c2 : -0.01083760
c2e : -0.00101704
c3 : -0.01159705
topleft : -0.02264244
topright : -0.02239568
