botleft : -0.01202193
botright : -0.00918393
c1 : 0.11487381
c2 : -0.04387578
c2e : -0.00229269
c3 : -0.01131513
topleft : -0.02183252
topright : -0.01433925
