botleft : -0.00888902
botright : -0.00658222
c1 : 0.09297375
c2 : -0.03703837
c2e : -0.00503172
c3 : -0.00928284
topleft : -0.01612800
topright : -0.00998520
