botleft : -0.00581333
botright : -0.00467760
c1 : 0.15374646
c2 : -0.09648001
c2e : -0.00680722
c3 : -0.02224817
topleft : -0.01069914
topright : -0.00699093
