botleft : -0.00943679
botright : -0.01194161
c1 : 0.11367890
c2 : -0.01050615
c2e : -0.00089059
c3 : -0.04458383
topleft : -0.01483945
topright : -0.02153668
