botleft : -0.00779623
botright : -0.00533758
c1 : 0.14803934
c2 : -0.09677001
c2e : -0.00714867
c3 : -0.00876847
topleft : -0.01474136
topright : -0.00744988
