botleft : -0.01006116
botright : -0.00982677
c1 : 0.10987256
c2 : -0.02657472
c2e : -0.00169855
c3 : -0.02770235
topleft : -0.01718036
topright : -0.01682522
