botleft : -0.00828357
botright : -0.00800328
c1 : 0.13289496
c2 : -0.04252371
c2e : -0.00211418
c3 : -0.04417352
topleft : -0.01412966
topright : -0.01366744
