botleft : -0.00951873
botright : -0.00853088
c1 : 0.12174542
c2 : -0.04336447
c2e : -0.00220172
c3 : -0.02723075
topleft : -0.01684159
topright : -0.01404299
