botleft : -0.00818609
botright : -0.00938120
c1 : 0.08213826
c2 : -0.00849989
c2e : -0.00178017
c3 : -0.02459611
topleft : -0.01314701
topright : -0.01654577
