botleft : -0.00747746
botright : -0.00663434
c1 : 0.19024615
c2 : -0.10569405
c2e : -0.00276812
c3 : -0.04366941
topleft : -0.01333038
topright : -0.01067044
