botleft : -0.00526477
botright : -0.00563627
c1 : 0.15344143
c2 : -0.02031853
c2e : -0.00321547
c3 : -0.10062961
topleft : -0.00814221
topright : -0.01021438
