botleft : -0.01123213
botright : -0.00783166
c1 : 0.17155376
c2 : -0.10620703
c2e : -0.00297131
c3 : -0.01086576
topleft : -0.02108104
topright : -0.01134195
