botleft : -0.00677102
botright : -0.00591594
c1 : 0.09967052
c2 : -0.03707032
c2e : -0.00481642
c3 : -0.02357791
topleft : -0.01196049
topright : -0.00952435
