botleft : -0.00953988
botright : -0.00782579
c1 : 0.08231664
c2 : -0.02223280
c2e : -0.00367836
c3 : -0.00957933
topleft : -0.01688831
topright : -0.01250682
