botleft : -0.00816303
botright : -0.01114582
c1 : 0.17139393
c2 : -0.01037787
c2e : -0.00087338
c3 : -0.10809416
topleft : -0.01188835
topright : -0.02092241
