botleft : -0.01037666
botright : -0.01012573
c1 : 0.07563213
c2 : -0.00870635
c2e : -0.00186154
c3 : -0.00993134
topleft : -0.01746614
topright : -0.01712101
