botleft : -0.00879213
botright : -0.00929686
c1 : 0.12168118
c2 : -0.02625994
c2e : -0.00165386
c3 : -0.04477730
topleft : -0.01441717
topright : -0.01648688
