c12 : -0.01714585
c13 : -0.08981160
c14 : -0.04985079
c1t : 0.00000000
c1b : -0.03076028
c23 : -0.00029176
c24 : -0.08480158
c2t : 0.00000000
c2b : -0.00028215
