c12 : -0.01997387
c13 : -0.01467436
c14 : -0.00539634
c1t : 0.00000000
c1b : -0.00795715
c23 : -0.00600345
c24 : -0.01583707
c2t : 0.00000000
c2b : -0.00127929
