c12 : -0.01821590
c13 : -0.10479176
c14 : -0.05485831
c1t : 0.00000000
c1b : -0.03778373
c23 : -0.00155049
c24 : -0.08456195
c2t : 0.00000000
c2b : -0.00243219
