c12 : -0.02872245
c13 : -0.00792367
c14 : -0.00771832
c1t : 0.00000000
c1b : -0.01646372
c23 : -0.00343874
c24 : -0.00982656
c2t : 0.00000000
c2b : -0.00618033
