c12 : -0.02932848
c13 : -0.02979150
c14 : -0.06190990
c1t : 0.00000000
c1b : -0.03241504
c23 : -0.00177395
c24 : -0.02133158
c2t : 0.00000000
c2b : -0.00007842
