c12 : -0.00969130
c13 : -0.09304277
c14 : -0.00815148
c1t : 0.00000000
c1b : -0.00799720
c23 : -0.00804437
c24 : -0.09516109
c2t : 0.00000000
c2b : -0.00578148
