c12 : -0.02396566
c13 : -0.02745104
c14 : -0.01229964
c1t : 0.00000000
c1b : -0.01114147
c23 : -0.00715345
c24 : -0.02393172
c2t : 0.00000000
c2b : -0.00339431
