c12 : -0.02577570
c13 : -0.01439269
c14 : -0.00972162
c1t : 0.00000000
c1b : -0.01134900
c23 : -0.00300461
c24 : -0.01561542
c2t : 0.00000000
c2b : -0.00095232
