c12 : -0.03535307
c13 : -0.02301214
c14 : -0.06723907
c1t : 0.00000000
c1b : -0.04138828
c23 : -0.00158221
c24 : -0.01321829
c2t : 0.00000000
c2b : -0.00307182
