c12 : -0.03713843
c13 : -0.00775365
c14 : -0.04794052
c1t : 0.00000000
c1b : -0.03657788
c23 : -0.00060406
c24 : -0.00605902
c2t : 0.00000000
c2b : -0.00032968
