c12 : -0.00743114
c13 : -0.16037773
c14 : -0.00651962
c1t : 0.00000000
c1b : -0.00435507
c23 : -0.00789411
c24 : -0.15845193
c2t : 0.00000000
c2b : -0.00074306
