c12 : -0.03330085
c13 : -0.01956682
c14 : -0.06393071
c1t : 0.00000000
c1b : -0.03425176
c23 : -0.00177143
c24 : -0.01263121
c2t : 0.00000000
c2b : -0.00012775
