c12 : -0.01850146
c13 : -0.04916398
c14 : -0.01472696
c1t : 0.00000000
c1b : -0.00824468
c23 : -0.00305506
c24 : -0.04593271
c2t : 0.00000000
c2b : -0.00058342
