c12 : -0.02574041
c13 : -0.01707513
c14 : -0.00943180
c1t : 0.00000000
c1b : -0.01078534
c23 : -0.00488076
c24 : -0.01512760
c2t : 0.00000000
c2b : -0.00062237
