c12 : -0.02184843
c13 : -0.00832676
c14 : -0.00403620
c1t : 0.00000000
c1b : -0.00962141
c23 : -0.00623667
c24 : -0.00893630
c2t : 0.00000000
c2b : -0.00207240
