c12 : -0.01132353
c13 : -0.16047645
c14 : -0.01676510
c1t : 0.00000000
c1b : -0.00779953
c23 : -0.00225678
c24 : -0.15843765
c2t : 0.00000000
c2b : -0.00053848
