c12 : -0.00927096
c13 : -0.09280419
c14 : -0.00704527
c1t : 0.00000000
c1b : -0.00509464
c23 : -0.00705924
c24 : -0.09430743
c2t : 0.00000000
c2b : -0.00074198
