c12 : -0.01343313
c13 : -0.04854214
c14 : -0.00646275
c1t : 0.00000000
c1b : -0.00513637
c23 : -0.00920453
c24 : -0.04599911
c2t : 0.00000000
c2b : -0.00049740
