c12 : -0.02394410
c13 : -0.07125631
c14 : -0.05953176
c1t : 0.00000000
c1b : -0.03422216
c23 : -0.00283481
c24 : -0.04496100
c2t : 0.00000000
c2b : -0.00168909
