c12 : -0.01126333
c13 : -0.16426121
c14 : -0.01633343
c1t : 0.00000000
c1b : -0.00709919
c23 : -0.00282028
c24 : -0.15818699
c2t : 0.00000000
c2b : -0.00052785
