c12 : -0.02250325
c13 : -0.04909967
c14 : -0.05501691
c1t : 0.00000000
c1b : -0.03170044
c23 : -0.00033442
c24 : -0.04490699
c2t : 0.00000000
c2b : -0.00029598
