c12 : -0.02000655
c13 : -0.01361477
c14 : -0.00559608
c1t : 0.00000000
c1b : -0.00816677
c23 : -0.00556949
c24 : -0.01608126
c2t : 0.00000000
c2b : -0.00129168
