c12 : -0.01768081
c13 : -0.12226948
c14 : -0.05426466
c1t : 0.00000000
c1b : -0.03310215
c23 : -0.00265388
c24 : -0.09302089
c2t : 0.00000000
c2b : -0.00160245
