c12 : -0.00780558
c13 : -0.16042250
c14 : -0.00723700
c1t : 0.00000000
c1b : -0.00669692
c23 : -0.00955239
c24 : -0.15887107
c2t : 0.00000000
c2b : -0.00538214
