c12 : -0.03709188
c13 : -0.00929957
c14 : -0.04775667
c1t : 0.00000000
c1b : -0.03633957
c23 : -0.00166931
c24 : -0.00586027
c2t : 0.00000000
c2b : -0.00016365
