c12 : -0.00740675
c13 : -0.16231988
c14 : -0.00638047
c1t : 0.00000000
c1b : -0.00398106
c23 : -0.00955006
c24 : -0.15809764
c2t : 0.00000000
c2b : -0.00051169
