c12 : -0.03903097
c13 : -0.01074454
c14 : -0.04981169
c1t : 0.00000000
c1b : -0.04221885
c23 : -0.00146857
c24 : -0.00668080
c2t : 0.00000000
c2b : -0.00300480
