c12 : -0.01014710
c13 : -0.08472914
c14 : -0.00815811
c1t : 0.00000000
c1b : -0.00805556
c23 : -0.00804066
c24 : -0.08692389
c2t : 0.00000000
c2b : -0.00579397
