c12 : -0.01406569
c13 : -0.08709610
c14 : -0.01649171
c1t : 0.00000000
c1b : -0.00806833
c23 : -0.00239303
c24 : -0.08572920
c2t : 0.00000000
c2b : -0.00055412
