c12 : -0.03911162
c13 : -0.01453815
c14 : -0.04981088
c1t : 0.00000000
c1b : -0.03988703
c23 : -0.00278726
c24 : -0.00641639
c2t : 0.00000000
c2b : -0.00200089
