c12 : -0.02871114
c13 : -0.01003489
c14 : -0.00739178
c1t : 0.00000000
c1b : -0.01514556
c23 : -0.00615178
c24 : -0.00926019
c2t : 0.00000000
c2b : -0.00454321
