c12 : -0.01350303
c13 : -0.09550124
c14 : -0.01662587
c1t : 0.00000000
c1b : -0.00799917
c23 : -0.00235911
c24 : -0.09397490
c2t : 0.00000000
c2b : -0.00055204
