c12 : -0.00748405
c13 : -0.15738083
c14 : -0.00705121
c1t : 0.00000000
c1b : -0.00492497
c23 : -0.00699886
c24 : -0.15881510
c2t : 0.00000000
c2b : -0.00074445
