c12 : -0.01391421
c13 : -0.04538844
c14 : -0.00800416
c1t : 0.00000000
c1b : -0.00860780
c23 : -0.00795123
c24 : -0.04766135
c2t : 0.00000000
c2b : -0.00587510
