c12 : -0.02250255
c13 : -0.05203760
c14 : -0.05502644
c1t : 0.00000000
c1b : -0.03091388
c23 : -0.00054236
c24 : -0.04485948
c2t : 0.00000000
c2b : -0.00026717
