c12 : -0.00970661
c13 : -0.08445287
c14 : -0.00705562
c1t : 0.00000000
c1b : -0.00515688
c23 : -0.00704983
c24 : -0.08604965
c2t : 0.00000000
c2b : -0.00074252
