c12 : -0.02872531
c13 : -0.00866678
c14 : -0.00752025
c1t : 0.00000000
c1b : -0.01599458
c23 : -0.00398906
c24 : -0.00955354
c2t : 0.00000000
c2b : -0.00593127
