c12 : -0.02945504
c13 : -0.02490024
c14 : -0.06195227
c1t : 0.00000000
c1b : -0.03358215
c23 : -0.00041668
c24 : -0.02150021
c2t : 0.00000000
c2b : -0.00032186
