c12 : -0.01375841
c13 : -0.16745715
c14 : -0.04655075
c1t : 0.00000000
c1b : -0.02920747
c23 : -0.00043708
c24 : -0.15742764
c2t : 0.00000000
c2b : -0.00021877
