c12 : -0.02235360
c13 : -0.05536700
c14 : -0.05487004
c1t : 0.00000000
c1b : -0.03025408
c23 : -0.00161844
c24 : -0.04480530
c2t : 0.00000000
c2b : -0.00006090
