c12 : -0.01705585
c13 : -0.09366996
c14 : -0.04981254
c1t : 0.00000000
c1b : -0.02981693
c23 : -0.00050769
c24 : -0.08477174
c2t : 0.00000000
c2b : -0.00027409
