c12 : -0.02404054
c13 : -0.06414463
c14 : -0.05958886
c1t : 0.00000000
c1b : -0.03824770
c23 : -0.00169720
c24 : -0.04482267
c2t : 0.00000000
c2b : -0.00260838
