c12 : -0.01647065
c13 : -0.10224063
c14 : -0.04919024
c1t : 0.00000000
c1b : -0.02969690
c23 : -0.00049687
c24 : -0.09305652
c2t : 0.00000000
c2b : -0.00027126
