c12 : -0.01143155
c13 : -0.16746266
c14 : -0.01679660
c1t : 0.00000000
c1b : -0.00839786
c23 : -0.00715887
c24 : -0.15797859
c2t : 0.00000000
c2b : -0.00276945
