c12 : -0.02264698
c13 : -0.00918008
c14 : -0.00462331
c1t : 0.00000000
c1b : -0.01138217
c23 : -0.00817106
c24 : -0.00956700
c2t : 0.00000000
c2b : -0.00560218
