c12 : -0.00774319
c13 : -0.16270433
c14 : -0.00686938
c1t : 0.00000000
c1b : -0.00530335
c23 : -0.01298273
c24 : -0.15824129
c2t : 0.00000000
c2b : -0.00326984
