c12 : -0.01840831
c13 : -0.02256153
c14 : -0.00736639
c1t : 0.00000000
c1b : -0.00972176
c23 : -0.00729400
c24 : -0.02528057
c2t : 0.00000000
c2b : -0.00610010
