c12 : -0.03517392
c13 : -0.02863168
c14 : -0.06702968
c1t : 0.00000000
c1b : -0.03786893
c23 : -0.00302074
c24 : -0.01292011
c2t : 0.00000000
c2b : -0.00199953
