c12 : -0.01694147
c13 : -0.09741223
c14 : -0.04963255
c1t : 0.00000000
c1b : -0.02905351
c23 : -0.00153744
c24 : -0.08477837
c2t : 0.00000000
c2b : -0.00007355
