c12 : -0.01759406
c13 : -0.11327635
c14 : -0.05430169
c1t : 0.00000000
c1b : -0.03773852
c23 : -0.00153828
c24 : -0.09284657
c2t : 0.00000000
c2b : -0.00241997
