c12 : -0.00797006
c13 : -0.15725157
c14 : -0.00818436
c1t : 0.00000000
c1b : -0.00784710
c23 : -0.00800237
c24 : -0.15935202
c2t : 0.00000000
c2b : -0.00580638
