c12 : -0.01504655
c13 : -0.18774092
c14 : -0.05190534
c1t : 0.00000000
c1b : -0.03273153
c23 : -0.00251456
c24 : -0.15741755
c2t : 0.00000000
c2b : -0.00150997
