c12 : -0.01784259
c13 : -0.02186705
c14 : -0.00632046
c1t : 0.00000000
c1b : -0.00712048
c23 : -0.00631447
c24 : -0.02414737
c2t : 0.00000000
c2b : -0.00095227
