c12 : -0.02642663
c13 : -0.01631150
c14 : -0.01045413
c1t : 0.00000000
c1b : -0.01373613
c23 : -0.00453819
c24 : -0.01615505
c2t : 0.00000000
c2b : -0.00528628
