c12 : -0.01998644
c13 : -0.01588400
c14 : -0.00528708
c1t : 0.00000000
c1b : -0.00770689
c23 : -0.00765396
c24 : -0.01540450
c2t : 0.00000000
c2b : -0.00101460
