c12 : -0.02060724
c13 : -0.01421915
c14 : -0.00656004
c1t : 0.00000000
c1b : -0.01067248
c23 : -0.00652893
c24 : -0.01709823
c2t : 0.00000000
c2b : -0.00644449
