c12 : -0.01525655
c13 : -0.17428182
c14 : -0.05244400
c1t : 0.00000000
c1b : -0.04080099
c23 : -0.00107992
c24 : -0.15740676
c2t : 0.00000000
c2b : -0.00257014
