c12 : -0.02642137
c13 : -0.01799411
c14 : -0.01011335
c1t : 0.00000000
c1b : -0.01257525
c23 : -0.00692080
c24 : -0.01583619
c2t : 0.00000000
c2b : -0.00371598
