c12 : -0.01397203
c13 : -0.09585267
c14 : -0.01794588
c1t : 0.00000000
c1b : -0.01183539
c23 : -0.00340557
c24 : -0.09464260
c2t : 0.00000000
c2b : -0.00505616
