c12 : -0.02789059
c13 : -0.00723254
c14 : -0.00691550
c1t : 0.00000000
c1b : -0.01348134
c23 : -0.00256532
c24 : -0.00923381
c2t : 0.00000000
c2b : -0.00170612
