c12 : -0.01853426
c13 : -0.04668020
c14 : -0.01497441
c1t : 0.00000000
c1b : -0.00873205
c23 : -0.00266864
c24 : -0.04617527
c2t : 0.00000000
c2b : -0.00060014
