c12 : -0.01885940
c13 : -0.05229334
c14 : -0.01523168
c1t : 0.00000000
c1b : -0.00953751
c23 : -0.00719827
c24 : -0.04628422
c2t : 0.00000000
c2b : -0.00308848
