c12 : -0.02341587
c13 : -0.02305413
c14 : -0.01198401
c1t : 0.00000000
c1b : -0.01013368
c23 : -0.00300822
c24 : -0.02367570
c2t : 0.00000000
c2b : -0.00070799
