c12 : -0.03136336
c13 : -0.03746126
c14 : -0.06567397
c1t : 0.00000000
c1b : -0.03921026
c23 : -0.00185397
c24 : -0.02164855
c2t : 0.00000000
c2b : -0.00285205
