c12 : -0.03338052
c13 : -0.01569690
c14 : -0.06404202
c1t : 0.00000000
c1b : -0.03511122
c23 : -0.00044615
c24 : -0.01286363
c2t : 0.00000000
c2b : -0.00033468
