c12 : -0.01654635
c13 : -0.09826700
c14 : -0.04924421
c1t : 0.00000000
c1b : -0.03065531
c23 : -0.00027997
c24 : -0.09308141
c2t : 0.00000000
c2b : -0.00027723
