botleft : -0.0108153
botright : -0.00677308
c1 : 0.255713
c2 : -0.00754463
c2left : -0.0182676
c3 : -0.185685
c4 : -0.00707535
lbEnv : -0.0119277
ltEnv : -0.00502002
rbEnv : -0.00184221
rtEnv : -0.000703058
(sum of all caps)/mstCap = 0.000232852
