botleft : -0.0120022
botright : -0.00559839
c1 : -0.0104571
c1left : -0.021573
c2 : 0.143577
c3 : -0.00769283
c4 : -0.086376
(sum of all caps)/mstCap = -0.000850423
