c12 : -0.00433577
c1t : -0.01922732
c1b : -0.01861672
c1tb : -0.00776349
c1e : 0.00000000
