c12 : -0.06306351
c1t : -0.00840741
c1b : -0.00866110
c1tb : -0.00003466
c1e : 0.00000000
