c12 : -0.20455229
c1t : -0.04652905
c1b : -0.04468821
c1tb : -0.00005631
c1e : 0.00008701
