c12 : -0.00226183
c1t : -0.02358887
c1b : -0.02226149
c1tb : -0.01540930
c1e : -0.00001295
