c12 : -0.11072543
c1t : -0.00707843
c1b : -0.00742596
c1tb : -0.00000199
c1e : 0.00000000
