c12 : -0.03589496
c1t : -0.01530427
c1b : -0.01477138
c1tb : -0.00021958
c1e : 0.00000327
