c12 : -0.00457792
c1t : -0.02417955
c1b : -0.02332403
c1tb : -0.00869811
c1e : -0.00006890
