c12 : -0.06395802
c1t : -0.05163474
c1b : -0.05000384
c1tb : -0.00024285
c1e : 0.00000000
