c12 : -0.04163942
c1t : -0.00728233
c1b : -0.00677062
c1tb : -0.00004706
c1e : 0.00000740
