c12 : -0.19579203
c1t : -0.00632486
c1b : -0.00688427
c1tb : -0.00003031
c1e : 0.00000000
