c12 : -0.18907245
c1t : -0.00395980
c1b : -0.00385870
c1tb : 0.00000930
c1e : -0.00213141
