c12 : -0.01055006
c1t : -0.06075704
c1b : -0.05859850
c1tb : -0.00448884
c1e : 0.00000000
