c12 : -0.03332010
c1t : -0.01664878
c1b : -0.01635027
c1tb : -0.00017649
c1e : 0.00000000
