c12 : -0.02437207
c1t : -0.01245007
c1b : -0.01203583
c1tb : -0.00032779
c1e : -0.00123476
