c12 : -0.00910403
c1t : -0.02040675
c1b : -0.01907044
c1tb : -0.00332796
c1e : -0.00065534
