c12 : -0.03311365
c1t : -0.01390792
c1b : -0.01306127
c1tb : -0.00010084
c1e : -0.00175245
