c12 : -0.20256452
c1t : -0.00963808
c1b : -0.00975161
c1tb : -0.00001348
c1e : -0.00003573
