c12 : -0.20422447
c1t : -0.04659672
c1b : -0.04493988
c1tb : 0.00002830
c1e : 0.00011907
