c12 : -0.06728049
c1t : -0.01208340
c1b : -0.01186661
c1tb : -0.00005492
c1e : -0.00000628
