c12 : -0.00919793
c1t : -0.01689560
c1b : -0.01608537
c1tb : -0.00319265
c1e : -0.00020711
