c12 : -0.19706643
c1t : -0.00840759
c1b : -0.00821395
c1tb : 0.00001615
c1e : -0.00325803
