c12 : -0.00254802
c1t : -0.06424906
c1b : -0.06229870
c1tb : -0.01539431
c1e : 0.00000000
