c12 : -0.10600787
c1t : -0.04849285
c1b : -0.04699502
c1tb : -0.00000833
c1e : -0.00966462
