c12 : -0.04210436
c1t : -0.01074177
c1b : -0.01077775
c1tb : -0.00007000
c1e : 0.00000000
