c12 : -0.11629460
c1t : -0.00716790
c1b : -0.00729783
c1tb : -0.00001190
c1e : -0.00237571
