c12 : -0.01761485
c1t : -0.01926392
c1b : -0.01854070
c1tb : -0.00108707
c1e : -0.00042222
