c12 : -0.11393126
c1t : -0.00958803
c1b : -0.00947413
c1tb : -0.00006694
c1e : -0.00828625
