c12 : -0.00459936
c1t : -0.06305401
c1b : -0.06108871
c1tb : -0.00857989
c1e : -0.00029286
