c12 : -0.01664262
c1t : -0.01433901
c1b : -0.01369094
c1tb : -0.00105021
c1e : -0.00039959
