c12 : -0.11983218
c1t : -0.01123964
c1b : -0.01165540
c1tb : -0.00002860
c1e : -0.00293917
