c12 : -0.04762210
c1t : -0.01390104
c1b : -0.01362495
c1tb : -0.00020353
c1e : 0.00000000
