c12 : -0.19492388
c1t : -0.01087261
c1b : -0.01126683
c1tb : 0.00002507
c1e : -0.00326290
