c12 : -0.00992023
c1t : -0.02221039
c1b : -0.02154919
c1tb : -0.00338849
c1e : 0.00000000
