c12 : -0.03109029
c1t : -0.05400351
c1b : -0.05207236
c1tb : -0.00016165
c1e : -0.00501798
