c12 : -0.01472822
c1t : -0.01793258
c1b : -0.01684703
c1tb : -0.00095799
c1e : -0.00248771
