c12 : -0.04415590
c1t : -0.00977620
c1b : -0.00986690
c1tb : -0.00002623
c1e : 0.00000000
