c12 : 0.00000000
c1t : -0.02124924
c1b : -0.02073214
c1tb : -0.20525332
c1e : 0.00000000
