c12 : -0.12552567
c1t : -0.04784312
c1b : -0.04622235
c1tb : 0.00001844
c1e : -0.00135749
