c12 : -0.00505044
c1t : -0.06307819
c1b : -0.06105788
c1tb : -0.00887671
c1e : 0.00000000
