c12 : -0.06306403
c1t : -0.01080751
c1b : -0.01030154
c1tb : -0.00000035
c1e : -0.00243125
