c12 : -0.12030578
c1t : -0.01240810
c1b : -0.01300855
c1tb : -0.00002003
c1e : 0.00000000
