c12 : -0.00181488
c1t : -0.01730720
c1b : -0.01599045
c1tb : -0.01393279
c1e : -0.00008811
