c12 : -0.01910462
c1t : -0.05797983
c1b : -0.05573830
c1tb : -0.00172834
c1e : 0.00006493
