c12 : -0.04399038
c1t : -0.01238807
c1b : -0.01168603
c1tb : -0.00001329
c1e : -0.00206811
