c12 : -0.03995030
c1t : -0.00731767
c1b : -0.00686950
c1tb : 0.00001014
c1e : -0.00160491
