c12 : 0.00000000
c1t : -0.02097055
c1b : -0.02004661
c1tb : -0.18764715
c1e : 0.00000000
