c12 : -0.01020889
c1t : -0.06090361
c1b : -0.05873731
c1tb : -0.00381699
c1e : -0.00027697
