c12 : -0.11108452
c1t : -0.00917746
c1b : -0.00889741
c1tb : 0.00001967
c1e : -0.00292624
