c12 : -0.00227031
c1t : -0.02517826
c1b : -0.02441986
c1tb : -0.01398504
c1e : -0.00012974
