c12 : -0.12128329
c1t : -0.04981132
c1b : -0.04838705
c1tb : -0.00009208
c1e : 0.00000000
