c12 : -0.06704453
c1t : -0.05036862
c1b : -0.04869920
c1tb : -0.00015456
c1e : 0.00000000
