c12 : -0.00228071
c1t : -0.02543441
c1b : -0.02480221
c1tb : -0.01539587
c1e : 0.00000000
