c12 : -0.00427549
c1t : -0.02254225
c1b : -0.02116662
c1tb : -0.00797151
c1e : -0.00029774
