c12 : -0.02578838
c1t : -0.01724224
c1b : -0.01674868
c1tb : -0.00033705
c1e : -0.00130940
