c12 : -0.12206852
c1t : -0.00635017
c1b : -0.00654686
c1tb : -0.00014875
c1e : 0.00000000
