c12 : -0.12460528
c1t : -0.00881335
c1b : -0.00850403
c1tb : -0.00000157
c1e : -0.00002941
