c12 : -0.02937747
c1t : -0.05517260
c1b : -0.05302340
c1tb : -0.00058246
c1e : 0.00007860
