c12 : -0.12789410
c1t : -0.04740065
c1b : -0.04556715
c1tb : -0.00002523
c1e : -0.00001911
