c12 : -0.00235293
c1t : -0.06422137
c1b : -0.06224385
c1tb : -0.01491785
c1e : -0.00011186
