c12 : 0.00000000
c1t : -0.02643660
c1b : -0.02547875
c1tb : -0.18983656
c1e : 0.00000000
