c12 : -0.01898638
c1t : -0.05773426
c1b : -0.05569859
c1tb : -0.00183131
c1e : 0.00000000
