c12 : -0.02305966
c1t : -0.01561440
c1b : -0.01471881
c1tb : -0.00025968
c1e : -0.00359640
