c12 : -0.00966374
c1t : -0.02238002
c1b : -0.02170164
c1tb : -0.00322311
c1e : 0.00000000
