c12 : -0.11785088
c1t : -0.04764733
c1b : -0.04579048
c1tb : -0.00004057
c1e : -0.00000147
