c12 : -0.02074900
c1t : -0.01022243
c1b : -0.00946468
c1tb : -0.00022469
c1e : -0.00312539
