c12 : -0.00817692
c1t : -0.02054742
c1b : -0.01927239
c1tb : -0.00310978
c1e : -0.00137274
