c12 : -0.04419513
c1t : -0.01534630
c1b : -0.01521483
c1tb : -0.00007938
c1e : 0.00000000
