c12 : -0.06700738
c1t : -0.05005874
c1b : -0.04834642
c1tb : -0.00003556
c1e : -0.00111209
