c12 : -0.00908349
c1t : -0.01736049
c1b : -0.01675978
c1tb : -0.00306163
c1e : 0.00000000
