c12 : -0.03299181
c1t : -0.01072970
c1b : -0.01047026
c1tb : -0.00013334
c1e : -0.00066349
