c12 : -0.02681025
c1t : -0.00900505
c1b : -0.00843636
c1tb : -0.00008800
c1e : -0.00371071
