c12 : -0.04869528
c1t : -0.05171116
c1b : -0.04964304
c1tb : -0.00004955
c1e : 0.00007708
