c12 : -0.02912560
c1t : -0.05500299
c1b : -0.05308071
c1tb : -0.00068523
c1e : 0.00000000
