c12 : -0.02731119
c1t : -0.01687384
c1b : -0.01629891
c1tb : -0.00034302
c1e : -0.00061223
