c12 : -0.02321746
c1t : -0.00993336
c1b : -0.00912037
c1tb : -0.00027257
c1e : -0.00123531
