c12 : -0.01578160
c1t : -0.01460499
c1b : -0.01396655
c1tb : -0.00099084
c1e : -0.00087291
