c12 : -0.11129900
c1t : -0.04882042
c1b : -0.04740331
c1tb : -0.00004342
c1e : -0.00307831
