c12 : -0.19139309
c1t : -0.00387316
c1b : -0.00367420
c1tb : 0.00000461
c1e : 0.00001579
