c12 : -0.06554637
c1t : -0.04999619
c1b : -0.04800582
c1tb : 0.00002705
c1e : -0.00290502
