c12 : -0.06871667
c1t : -0.04976535
c1b : -0.04782464
c1tb : 0.00000811
c1e : 0.00005628
