c12 : -0.01721923
c1t : -0.01988078
c1b : -0.01937917
c1tb : -0.00105945
c1e : 0.00000000
