c12 : -0.02964657
c1t : -0.01431239
c1b : -0.01350475
c1tb : -0.00009999
c1e : -0.00436448
