c12 : -0.01720475
c1t : -0.01427521
c1b : -0.01361851
c1tb : -0.00138772
c1e : -0.00001188
