c12 : -0.06592833
c1t : -0.01279738
c1b : -0.01291888
c1tb : -0.00007080
c1e : 0.00000000
