c12 : 0.00000000
c1t : -0.02101498
c1b : -0.02014038
c1tb : -0.18950778
c1e : 0.00000000
