c12 : -0.06740694
c1t : -0.01220252
c1b : -0.01216799
c1tb : -0.00016726
c1e : 0.00000000
