c12 : -0.01017629
c1t : -0.02192049
c1b : -0.02104901
c1tb : -0.00393986
c1e : -0.00002077
