c12 : -0.19982328
c1t : -0.04666539
c1b : -0.04511491
c1tb : 0.00000628
c1e : -0.00418450
