c12 : 0.00000000
c1t : -0.06541318
c1b : -0.06334499
c1tb : -0.19099307
c1e : 0.00000000
