c12 : -0.20067818
c1t : -0.00819915
c1b : -0.00801191
c1tb : -0.00002452
c1e : -0.00009091
