c12 : 0.00000000
c1t : -0.02627616
c1b : -0.02548247
c1tb : -0.18794835
c1e : 0.00000000
