c12 : -0.00216634
c1t : -0.02031563
c1b : -0.01962032
c1tb : -0.01374552
c1e : 0.00000000
