c12 : -0.00479228
c1t : -0.02411702
c1b : -0.02322358
c1tb : -0.00892034
c1e : 0.00000357
