c12 : -0.10734651
c1t : -0.00830752
c1b : -0.00870638
c1tb : -0.00002603
c1e : 0.00000000
