c12 : -0.00222967
c1t : -0.06442562
c1b : -0.06232556
c1tb : -0.01640838
c1e : 0.00001306
