c12 : -0.00232774
c1t : -0.06436154
c1b : -0.06226242
c1tb : -0.01645051
c1e : 0.00000000
