c12 : 0.00000000
c1t : -0.06543890
c1b : -0.06347886
c1tb : -0.20702100
c1e : 0.00000000
