c12 : -0.01576878
c1t : -0.01201701
c1b : -0.01096990
c1tb : -0.00131503
c1e : 0.00000966
