c12 : -0.06861355
c1t : -0.04969082
c1b : -0.04790882
c1tb : -0.00000782
c1e : 0.00004057
