c12 : 0.00000000
c1t : -0.02628498
c1b : -0.02596310
c1tb : -0.20575328
c1e : 0.00000000
