c12 : -0.00208639
c1t : -0.02363846
c1b : -0.02224295
c1tb : -0.01431712
c1e : -0.00015066
