c12 : -0.02756624
c1t : -0.01724396
c1b : -0.01676605
c1tb : -0.00036332
c1e : 0.00000000
