c12 : -0.05956564
c1t : -0.05054012
c1b : -0.04876679
c1tb : -0.00004264
c1e : -0.00759905
