c12 : -0.11641202
c1t : -0.01038058
c1b : -0.01041687
c1tb : -0.00002865
c1e : -0.00001147
