c12 : -0.00488932
c1t : -0.06315925
c1b : -0.06099179
c1tb : -0.00983045
c1e : -0.00003692
