c12 : -0.04609292
c1t : -0.01395108
c1b : -0.01365518
c1tb : -0.00005551
c1e : -0.00087255
