c12 : -0.00164359
c1t : -0.01729352
c1b : -0.01600383
c1tb : -0.01351387
c1e : -0.00029057
