c12 : 0.00000000
c1t : -0.01813496
c1b : -0.01700687
c1tb : -0.18930471
c1e : 0.00000000
