c12 : -0.03410387
c1t : -0.01088747
c1b : -0.01068180
c1tb : -0.00038825
c1e : 0.00000000
