c12 : -0.01053848
c1t : -0.06085366
c1b : -0.05863924
c1tb : -0.00448678
c1e : -0.00004207
