c12 : -0.03700740
c1t : -0.05353904
c1b : -0.05151318
c1tb : -0.00028085
c1e : 0.00002864
