c12 : -0.00445239
c1t : -0.01894818
c1b : -0.01799664
c1tb : -0.00866460
c1e : -0.00000330
