c12 : -0.00481380
c1t : -0.02429820
c1b : -0.02360738
c1tb : -0.00900881
c1e : 0.00000000
