c12 : 0.00000000
c1t : -0.02640603
c1b : -0.02593774
c1tb : -0.18773891
c1e : 0.00000000
