c12 : -0.05991684
c1t : -0.00856107
c1b : -0.00861151
c1tb : -0.00006908
c1e : -0.00199153
