c12 : -0.19633327
c1t : -0.04794227
c1b : -0.04659325
c1tb : 0.00004166
c1e : -0.00355460
