c12 : -0.02814110
c1t : -0.01669207
c1b : -0.01609568
c1tb : -0.00048960
c1e : 0.00000383
