c12 : 0.00000000
c1t : -0.02124924
c1b : -0.02062953
c1tb : -0.18740606
c1e : 0.00000000
