c12 : -0.02743117
c1t : -0.05521978
c1b : -0.05317033
c1tb : -0.00042094
c1e : -0.00168286
