c12 : -0.02657660
c1t : -0.01197809
c1b : -0.01150362
c1tb : -0.00050064
c1e : -0.00000365
