c12 : -0.00480267
c1t : -0.06310805
c1b : -0.06096700
c1tb : -0.00884475
c1e : -0.00025509
