c12 : -0.11703803
c1t : -0.00817468
c1b : -0.00863123
c1tb : 0.00000888
c1e : 0.00000000
