c12 : -0.00226786
c1t : -0.02522269
c1b : -0.02444881
c1tb : -0.01436616
c1e : -0.00002665
