c12 : -0.00954036
c1t : -0.01688234
c1b : -0.01599214
c1tb : -0.00383234
c1e : -0.00000594
