c12 : -0.00933960
c1t : -0.02210391
c1b : -0.02132167
c1tb : -0.00320782
c1e : -0.00047589
