c12 : -0.00871559
c1t : -0.06099635
c1b : -0.05885457
c1tb : -0.00362154
c1e : -0.00154725
