c12 : 0.00000000
c1t : -0.06524483
c1b : -0.06341238
c1tb : -0.20683809
c1e : 0.00000000
