c12 : -0.11562847
c1t : -0.04845924
c1b : -0.04691076
c1tb : -0.00004423
c1e : 0.00000000
