c12 : -0.00220571
c1t : -0.01997983
c1b : -0.01910547
c1tb : -0.01506492
c1e : -0.00001523
