c12 : -0.00236325
c1t : -0.06439257
c1b : -0.06224097
c1tb : -0.01651322
c1e : -0.00002489
