c12 : -0.03501694
c1t : -0.01383718
c1b : -0.01292028
c1tb : -0.00016120
c1e : -0.00000235
