c12 : -0.00215692
c1t : -0.02028359
c1b : -0.01967083
c1tb : -0.01500914
c1e : 0.00000000
