c12 : -0.03406347
c1t : -0.05414412
c1b : -0.05228004
c1tb : -0.00023447
c1e : -0.00172453
