c12 : -0.05813647
c1t : -0.00596799
c1b : -0.00569998
c1tb : -0.00000018
c1e : -0.00182106
