c12 : 0.00000000
c1t : -0.06541838
c1b : -0.06327472
c1tb : -0.18893389
c1e : 0.00000000
