c12 : -0.02673120
c1t : -0.01221766
c1b : -0.01188030
c1tb : -0.00062691
c1e : 0.00000000
