c12 : -0.12055400
c1t : -0.00693347
c1b : -0.00730709
c1tb : 0.00002762
c1e : 0.00000000
