c12 : -0.12414772
c1t : -0.01054819
c1b : -0.01076657
c1tb : -0.00002063
c1e : -0.00119875
