c12 : -0.11561479
c1t : -0.04820574
c1b : -0.04680801
c1tb : -0.00000440
c1e : -0.00994745
