c12 : -0.04602223
c1t : -0.05187021
c1b : -0.04982510
c1tb : -0.00000427
c1e : -0.00238035
