c12 : -0.01674129
c1t : -0.01951659
c1b : -0.01884583
c1tb : -0.00102222
c1e : -0.00088384
