c12 : -0.12645286
c1t : -0.01034448
c1b : -0.01057917
c1tb : -0.00010984
c1e : 0.00000000
