c12 : -0.19190639
c1t : -0.00758282
c1b : -0.00833889
c1tb : 0.00002088
c1e : 0.00000000
