c12 : -0.10666690
c1t : -0.00729444
c1b : -0.00742038
c1tb : -0.00003764
c1e : -0.00233124
