c12 : -0.11054607
c1t : -0.01251175
c1b : -0.01309724
c1tb : -0.00003786
c1e : 0.00000000
