c12 : -0.06264001
c1t : -0.00792934
c1b : -0.00801683
c1tb : -0.00004336
c1e : -0.00083755
