c12 : -0.11769271
c1t : -0.04767631
c1b : -0.04588405
c1tb : 0.00004644
c1e : 0.00000069
