c12 : -0.00449667
c1t : -0.02413504
c1b : -0.02338862
c1tb : -0.00777791
c1e : -0.00021190
