c12 : -0.01846360
c1t : -0.01934365
c1b : -0.01871088
c1tb : -0.00153522
c1e : 0.00000000
