c12 : -0.00432726
c1t : -0.01938541
c1b : -0.01869232
c1tb : -0.00780239
c1e : 0.00000000
