c12 : -0.00988503
c1t : -0.06100800
c1b : -0.05895367
c1tb : -0.00373904
c1e : 0.00000000
