c12 : -0.10475852
c1t : -0.00463898
c1b : -0.00449212
c1tb : -0.00002018
c1e : -0.00203956
