c12 : -0.11460257
c1t : -0.00897870
c1b : -0.00864473
c1tb : -0.00001617
c1e : -0.00001644
