c12 : -0.12179959
c1t : -0.00613086
c1b : -0.00621781
c1tb : -0.00004665
c1e : -0.00000937
