c12 : 0.00000000
c1t : -0.06535742
c1b : -0.06328112
c1tb : -0.18899740
c1e : 0.00000000
