c12 : -0.01311123
c1t : -0.01227534
c1b : -0.01127146
c1tb : -0.00087104
c1e : -0.00219187
