c12 : -0.01829848
c1t : -0.05801479
c1b : -0.05586975
c1tb : -0.00138471
c1e : -0.00048598
