c12 : -0.04490250
c1t : -0.05247308
c1b : -0.05072057
c1tb : -0.00008885
c1e : -0.00206456
