c12 : -0.10866074
c1t : -0.00497364
c1b : -0.00492010
c1tb : -0.00001654
c1e : -0.00622629
