c12 : -0.10696080
c1t : -0.00455201
c1b : -0.00436022
c1tb : 0.00000779
c1e : -0.00001636
