c12 : -0.12765507
c1t : -0.04744953
c1b : -0.04563243
c1tb : 0.00006108
c1e : -0.00000634
