c12 : -0.02820395
c1t : -0.01693203
c1b : -0.01638954
c1tb : -0.00062909
c1e : 0.00000000
