c12 : -0.01775785
c1t : -0.05802649
c1b : -0.05581905
c1tb : -0.00133104
c1e : -0.00119835
