c12 : -0.01558149
c1t : -0.05819344
c1b : -0.05613412
c1tb : -0.00123398
c1e : -0.00277854
