c12 : -0.20003568
c1t : -0.01000787
c1b : -0.01025528
c1tb : -0.00000293
c1e : -0.00129973
