c12 : -0.11645777
c1t : -0.01048947
c1b : -0.01073200
c1tb : -0.00011670
c1e : 0.00000000
