c12 : -0.04511095
c1t : -0.05312454
c1b : -0.05138777
c1tb : -0.00022689
c1e : 0.00000000
