c12 : -0.00461424
c1t : -0.02251213
c1b : -0.02115891
c1tb : -0.00895522
c1e : -0.00002588
