c12 : -0.03724359
c1t : -0.05353115
c1b : -0.05137976
c1tb : -0.00023768
c1e : 0.00007197
