c12 : -0.06050751
c1t : -0.00949868
c1b : -0.00974234
c1tb : -0.00006225
c1e : 0.00000000
