c12 : -0.05781251
c1t : -0.01136232
c1b : -0.01089178
c1tb : -0.00006951
c1e : -0.00643010
