c12 : -0.04740218
c1t : -0.01376677
c1b : -0.01332936
c1tb : -0.00007901
c1e : -0.00000483
