c12 : -0.20387630
c1t : -0.04650179
c1b : -0.04482694
c1tb : 0.00001602
c1e : 0.00000000
