c12 : -0.19124126
c1t : -0.00646505
c1b : -0.00690704
c1tb : 0.00000361
c1e : -0.00261523
