c12 : -0.00485340
c1t : -0.06307116
c1b : -0.06106344
c1tb : -0.00865235
c1e : 0.00000000
