c12 : -0.19536789
c1t : -0.01195044
c1b : -0.01265777
c1tb : -0.00005417
c1e : 0.00000000
