c12 : -0.18887849
c1t : -0.00907274
c1b : -0.00904304
c1tb : -0.00005152
c1e : -0.00921154
