c12 : -0.01830738
c1t : -0.01914936
c1b : -0.01842171
c1tb : -0.00140740
c1e : -0.00001757
