c12 : -0.00206879
c1t : -0.02003430
c1b : -0.01909278
c1tb : -0.01372340
c1e : -0.00011170
