botleft : -0.00345818
botright : -0.00341231
c1 : 0.21654128
c1Env : -0.09819987
c2 : -0.09464397
c2Env : -0.00573795
d1 : -0.00460687
d1L : -0.00598265
d2 : -0.00047180
