botleft : -0.00435531
botright : -0.00462284
c1 : 0.16395156
c1Env : -0.10054021
c2 : -0.03527388
c2Env : -0.00438422
d1 : -0.00696653
d1L : -0.00719456
d2 : -0.00060642
