botleft : -0.00572726
botright : -0.00801988
c1 : 0.14786249
c1Env : -0.10250913
c2 : -0.00884747
c2Env : -0.00262738
d1 : -0.00431718
d1L : -0.00893756
d2 : -0.00684887
