botleft : -0.00992337
botright : -0.01205517
c1 : 0.11429111
c1Env : -0.04346240
c2 : -0.01108026
c2Env : -0.00094167
d1 : -0.01966242
d1L : -0.01554336
d2 : -0.00164207
