botleft : -0.00552494
botright : -0.00532366
c1 : 0.11019734
c1Env : -0.03971864
c2 : -0.03796296
c2Env : -0.00355980
d1 : -0.00810473
d1L : -0.00950805
d2 : -0.00049741
