botleft : -0.00496703
botright : -0.00569274
c1 : 0.15408543
c1Env : -0.10160996
c2 : -0.02066394
c2Env : -0.00346777
d1 : -0.00906663
d1L : -0.00784996
d2 : -0.00076661
