botleft : -0.00691730
botright : -0.00867869
c1 : 0.09334811
c1Env : -0.04116932
c2 : -0.00876694
c2Env : -0.00153819
d1 : -0.01534454
d1L : -0.01065113
d2 : -0.00030003
