botleft : -0.00669275
botright : -0.00613736
c1 : 0.24698326
c1Env : -0.10426261
c2 : -0.10582288
c2Env : -0.00295575
d1 : -0.00591109
d1L : -0.01160358
d2 : -0.00356521
