botleft : -0.00462083
botright : -0.00402989
c1 : 0.16398096
c1Env : -0.03806655
c2 : -0.09851469
c2Env : -0.00488148
d1 : -0.00337138
d1L : -0.00841245
d2 : -0.00207198
