botleft : -0.00867350
botright : -0.00812084
c1 : 0.13360372
c1Env : -0.04272728
c2 : -0.04384172
c2Env : -0.00184847
d1 : -0.01331200
d1L : -0.01484144
d2 : -0.00024288
