botleft : -0.00434598
botright : -0.00465621
c1 : 0.16396515
c1Env : -0.10054350
c2 : -0.03521363
c2Env : -0.00430293
d1 : -0.00742310
d1L : -0.00718630
d2 : -0.00028110
