botleft : -0.00668093
botright : -0.00623698
c1 : 0.24689768
c1Env : -0.10416634
c2 : -0.10559893
c2Env : -0.00264880
d1 : -0.00966647
d1L : -0.01155092
d2 : -0.00031489
