botleft : -0.00747846
botright : -0.00753948
c1 : 0.19029637
c1Env : -0.10504778
c2 : -0.04302138
c2Env : -0.00243370
d1 : -0.00721347
d1L : -0.01240947
d2 : -0.00515510
