botleft : -0.00347888
botright : -0.00332428
c1 : 0.21667229
c1Env : -0.09835181
c2 : -0.09477787
c2Env : -0.00618059
d1 : -0.00215946
d1L : -0.00610876
d2 : -0.00226621
