botleft : -0.00553273
botright : -0.00534291
c1 : 0.11019907
c1Env : -0.03969835
c2 : -0.03796591
c2Env : -0.00344066
d1 : -0.00845402
d1L : -0.00950441
d2 : -0.00025805
