botleft : -0.00693770
botright : -0.00880018
c1 : 0.09296016
c1Env : -0.04123368
c2 : -0.00957771
c2Env : -0.00212904
d1 : -0.00631665
d1L : -0.01111211
d2 : -0.00686096
