botleft : -0.00871760
botright : -0.01151751
c1 : 0.17127596
c1Env : -0.10576843
c2 : -0.01138506
c2Env : -0.00145443
d1 : -0.00881743
d1L : -0.01328284
d2 : -0.01030738
