botleft : -0.00615438
botright : -0.00646290
c1 : 0.09950641
c1Env : -0.04055180
c2 : -0.02302678
c2Env : -0.00318383
d1 : -0.00535740
d1L : -0.01041042
d2 : -0.00434757
