botleft : -0.00802284
botright : -0.00882051
c1 : 0.17842051
c1Env : -0.10535130
c2 : -0.02609644
c2Env : -0.00179428
d1 : -0.01477903
d1L : -0.01273193
d2 : -0.00084554
