botleft : -0.00438080
botright : -0.00460699
c1 : 0.16385540
c1Env : -0.10057577
c2 : -0.03542559
c2Env : -0.00487797
d1 : -0.00302371
d1L : -0.00745674
d2 : -0.00349376
