botleft : -0.00570835
botright : -0.00782076
c1 : 0.14831918
c1Env : -0.10245869
c2 : -0.00790244
c2Env : -0.00178830
d1 : -0.01397363
d1L : -0.00833059
d2 : -0.00034164
