botleft : -0.00344172
botright : -0.00343391
c1 : 0.21647575
c1Env : -0.09814161
c2 : -0.09454415
c2Env : -0.00567533
d1 : -0.00498399
d1L : -0.00598341
d2 : -0.00023943
