botleft : -0.00992222
botright : -0.01210359
c1 : 0.11401233
c1Env : -0.04351833
c2 : -0.01152213
c2Env : -0.00116035
d1 : -0.01115973
d1L : -0.01575775
d2 : -0.00888239
