botleft : -0.00802389
botright : -0.00888343
c1 : 0.17847301
c1Env : -0.10538774
c2 : -0.02596945
c2Env : -0.00169679
d1 : -0.01549354
d1L : -0.01272841
d2 : -0.00030825
