botleft : -0.00789724
botright : -0.00667956
c1 : 0.19063459
c1Env : -0.04217964
c2 : -0.10724484
c2Env : -0.00252929
d1 : -0.00727617
d1L : -0.01416948
d2 : -0.00264660
