botleft : -0.00871058
botright : -0.01142646
c1 : 0.17125639
c1Env : -0.10566708
c2 : -0.01054882
c2Env : -0.00101244
d1 : -0.02045310
d1L : -0.01307440
d2 : -0.00038554
