botleft : -0.00990472
botright : -0.01203766
c1 : 0.11440285
c1Env : -0.04347334
c2 : -0.01106036
c2Env : -0.00090428
d1 : -0.02121782
d1L : -0.01553394
d2 : -0.00029275
