c12 : -0.01177982
c1t : 0.00000000
c1b : -0.02123340
c1tb : 0.00000000
c1e : 0.00000000
