c12 : -0.01561291
c1t : 0.00000000
c1b : -0.01046647
c1tb : 0.00000000
c1e : -0.00290990
