c12 : -0.01134998
c1t : 0.00000000
c1b : -0.01122997
c1tb : 0.00000000
c1e : -0.00481012
