c12 : -0.10353312
c1t : 0.00000000
c1b : -0.00468265
c1tb : 0.00000000
c1e : -0.00709259
