c12 : -0.00972998
c1t : 0.00000000
c1b : -0.01850868
c1tb : 0.00000000
c1e : 0.00000000
