c12 : -0.04444398
c1t : 0.00000000
c1b : -0.00531695
c1tb : 0.00000000
c1e : -0.00520010
