c12 : -0.02936999
c1t : 0.00000000
c1b : -0.02752096
c1tb : 0.00000000
c1e : -0.00552204
