c12 : -0.00968234
c1t : 0.00000000
c1b : -0.01183204
c1tb : 0.00000000
c1e : -0.00377062
