c12 : -0.10370644
c1t : 0.00000000
c1b : -0.02286845
c1tb : 0.00000000
c1e : -0.01935754
