c12 : -0.01860076
c1t : 0.00000000
c1b : -0.00582279
c1tb : 0.00000000
c1e : -0.00501339
