c12 : -0.06433799
c1t : 0.00000000
c1b : -0.02917224
c1tb : 0.00000000
c1e : 0.00000000
