c12 : -0.03742430
c1t : 0.00000000
c1b : -0.02555473
c1tb : 0.00000000
c1e : -0.00562436
