c12 : -0.12926705
c1t : 0.00000000
c1b : -0.02007998
c1tb : 0.00000000
c1e : -0.00570102
