c12 : -0.09954704
c1t : 0.00000000
c1b : -0.00704943
c1tb : 0.00000000
c1e : -0.00903231
