c12 : -0.01380852
c1t : 0.00000000
c1b : -0.04227470
c1tb : 0.00000000
c1e : 0.00000000
