c12 : -0.17846888
c1t : 0.00000000
c1b : -0.02133907
c1tb : 0.00000000
c1e : -0.01474662
