c12 : -0.02423852
c1t : 0.00000000
c1b : -0.03816980
c1tb : 0.00000000
c1e : 0.00000000
