c12 : -0.06411172
c1t : 0.00000000
c1b : -0.00695486
c1tb : 0.00000000
c1e : -0.00644055
