c12 : -0.09956985
c1t : 0.00000000
c1b : -0.00549398
c1tb : 0.00000000
c1e : -0.01284870
