c12 : -0.04645903
c1t : 0.00000000
c1b : -0.02409642
c1tb : 0.00000000
c1e : -0.00568077
