c12 : -0.18546353
c1t : 0.00000000
c1b : -0.00915649
c1tb : 0.00000000
c1e : 0.00000000
