c12 : -0.05725826
c1t : 0.00000000
c1b : -0.02377480
c1tb : 0.00000000
c1e : -0.01661491
