c12 : -0.05876095
c1t : 0.00000000
c1b : -0.00546653
c1tb : 0.00000000
c1e : -0.00754637
