c12 : -0.09777289
c1t : 0.00000000
c1b : -0.01185861
c1tb : 0.00000000
c1e : 0.00000000
