c12 : -0.03409088
c1t : 0.00000000
c1b : -0.02599188
c1tb : 0.00000000
c1e : -0.01027341
