c12 : -0.01536689
c1t : 0.00000000
c1b : -0.03049763
c1tb : 0.00000000
c1e : -0.00721802
