c12 : -0.12073639
c1t : 0.00000000
c1b : -0.02024792
c1tb : 0.00000000
c1e : -0.00569679
