c12 : -0.02909011
c1t : 0.00000000
c1b : -0.01064937
c1tb : 0.00000000
c1e : 0.00000000
