c12 : -0.01555200
c1t : 0.00000000
c1b : -0.00976290
c1tb : 0.00000000
c1e : -0.00282745
