c12 : -0.05008705
c1t : 0.00000000
c1b : -0.03691390
c1tb : 0.00000000
c1e : 0.00000000
