c12 : -0.01729636
c1t : 0.00000000
c1b : -0.00642244
c1tb : 0.00000000
c1e : -0.00248751
