c12 : -0.10693682
c1t : 0.00000000
c1b : -0.00417628
c1tb : 0.00000000
c1e : -0.00219941
