c12 : -0.05833649
c1t : 0.00000000
c1b : -0.00284377
c1tb : 0.00000000
c1e : -0.00160701
