c12 : -0.10001475
c1t : 0.00000000
c1b : -0.00287177
c1tb : 0.00000000
c1e : -0.00525033
