c12 : -0.09717453
c1t : 0.00000000
c1b : -0.00239326
c1tb : 0.00000000
c1e : -0.00130761
