c12 : -0.02215916
c1t : 0.00000000
c1b : -0.03987516
c1tb : 0.00000000
c1e : 0.00000000
