c12 : -0.03658216
c1t : 0.00000000
c1b : -0.00940147
c1tb : 0.00000000
c1e : 0.00000000
