c12 : -0.10773662
c1t : 0.00000000
c1b : -0.00697308
c1tb : 0.00000000
c1e : -0.00907823
