c12 : -0.00751360
c1t : 0.00000000
c1b : -0.00972551
c1tb : 0.00000000
c1e : -0.00358265
