c12 : -0.04922059
c1t : 0.00000000
c1b : -0.00460944
c1tb : 0.00000000
c1e : -0.00224803
