c12 : -0.01800578
c1t : 0.00000000
c1b : -0.03161862
c1tb : 0.00000000
c1e : -0.00497549
