c12 : -0.01292795
c1t : 0.00000000
c1b : -0.03097943
c1tb : 0.00000000
c1e : -0.00760566
