c12 : -0.10221713
c1t : 0.00000000
c1b : -0.00999552
c1tb : 0.00000000
c1e : 0.00000000
