c12 : -0.09564894
c1t : 0.00000000
c1b : -0.02296706
c1tb : 0.00000000
c1e : -0.01909846
