c12 : -0.04812644
c1t : 0.00000000
c1b : -0.00390011
c1tb : 0.00000000
c1e : -0.00858212
