c12 : -0.10284463
c1t : 0.00000000
c1b : -0.02340775
c1tb : 0.00000000
c1e : -0.01326212
