c12 : -0.04002680
c1t : 0.00000000
c1b : -0.01221528
c1tb : 0.00000000
c1e : 0.00000000
