c12 : -0.03487633
c1t : 0.00000000
c1b : -0.01347126
c1tb : 0.00000000
c1e : 0.00000000
