c12 : -0.01032811
c1t : 0.00000000
c1b : -0.00913505
c1tb : 0.00000000
c1e : -0.00245374
