c12 : -0.02263116
c1t : 0.00000000
c1b : -0.02691920
c1tb : 0.00000000
c1e : -0.01116168
