c12 : -0.01594353
c1t : 0.00000000
c1b : -0.00626626
c1tb : 0.00000000
c1e : -0.00630822
