c12 : -0.06565020
c1t : 0.00000000
c1b : -0.02262861
c1tb : 0.00000000
c1e : -0.01271543
