c12 : -0.10461714
c1t : 0.00000000
c1b : -0.00346521
c1tb : 0.00000000
c1e : -0.00197578
