c12 : -0.00859919
c1t : 0.00000000
c1b : -0.01221189
c1tb : 0.00000000
c1e : -0.00404943
