c12 : -0.18311758
c1t : 0.00000000
c1b : -0.02170628
c1tb : 0.00000000
c1e : -0.01139500
