c12 : -0.02091520
c1t : 0.00000000
c1b : -0.00783351
c1tb : 0.00000000
c1e : -0.00571803
