c12 : -0.06995548
c1t : 0.00000000
c1b : -0.02298420
c1tb : 0.00000000
c1e : -0.01036661
