c12 : -0.05601534
c1t : 0.00000000
c1b : -0.00540650
c1tb : 0.00000000
c1e : -0.00687032
