c12 : -0.04441112
c1t : 0.00000000
c1b : -0.02440467
c1tb : 0.00000000
c1e : -0.00936110
