c12 : -0.02288576
c1t : 0.00000000
c1b : -0.01009294
c1tb : 0.00000000
c1e : -0.00655207
