c12 : -0.03312514
c1t : 0.00000000
c1b : -0.00852866
c1tb : 0.00000000
c1e : -0.00600167
