c12 : -0.01568747
c1t : 0.00000000
c1b : -0.00951281
c1tb : 0.00000000
c1e : -0.00549614
