c12 : -0.11051410
c1t : 0.00000000
c1b : -0.02227386
c1tb : 0.00000000
c1e : -0.01095448
