c12 : -0.04099775
c1t : 0.00000000
c1b : -0.01522956
c1tb : 0.00000000
c1e : 0.00000000
