c12 : -0.11527801
c1t : 0.00000000
c1b : -0.01346367
c1tb : 0.00000000
c1e : 0.00000000
