c12 : -0.01845161
c1t : 0.00000000
c1b : -0.03996398
c1tb : 0.00000000
c1e : 0.00000000
