c12 : -0.04576648
c1t : 0.00000000
c1b : -0.02343591
c1tb : 0.00000000
c1e : -0.00568072
