c12 : -0.17930506
c1t : 0.00000000
c1b : -0.01349154
c1tb : 0.00000000
c1e : 0.00000000
