c12 : -0.03006649
c1t : 0.00000000
c1b : -0.00719566
c1tb : 0.00000000
c1e : -0.00935921
