c12 : -0.05244797
c1t : 0.00000000
c1b : -0.00613443
c1tb : 0.00000000
c1e : -0.01129354
