c12 : -0.17509256
c1t : 0.00000000
c1b : -0.03669309
c1tb : 0.00000000
c1e : 0.00000000
