c12 : -0.04687942
c1t : 0.00000000
c1b : -0.01129108
c1tb : 0.00000000
c1e : 0.00000000
