c12 : -0.01383302
c1t : 0.00000000
c1b : -0.02084037
c1tb : 0.00000000
c1e : 0.00000000
