c12 : -0.03847247
c1t : 0.00000000
c1b : -0.01692381
c1tb : 0.00000000
c1e : 0.00000000
