c12 : -0.05972273
c1t : 0.00000000
c1b : -0.00477218
c1tb : 0.00000000
c1e : -0.00521415
