c12 : -0.01298497
c1t : 0.00000000
c1b : -0.00790664
c1tb : 0.00000000
c1e : -0.00251135
