c12 : -0.09145225
c1t : 0.00000000
c1b : -0.00556282
c1tb : 0.00000000
c1e : -0.01271945
