c12 : -0.05155214
c1t : 0.00000000
c1b : -0.00796695
c1tb : 0.00000000
c1e : 0.00000000
