c12 : -0.01375357
c1t : 0.00000000
c1b : -0.01287583
c1tb : 0.00000000
c1e : -0.00470759
