c12 : -0.03508468
c1t : 0.00000000
c1b : -0.00630467
c1tb : 0.00000000
c1e : -0.00271636
