c12 : -0.05489528
c1t : 0.00000000
c1b : -0.03458037
c1tb : 0.00000000
c1e : 0.00000000
