c12 : -0.03602380
c1t : 0.00000000
c1b : -0.03756685
c1tb : 0.00000000
c1e : 0.00000000
