c12 : -0.04173239
c1t : 0.00000000
c1b : -0.03721647
c1tb : 0.00000000
c1e : 0.00000000
