c12 : -0.01217041
c1t : 0.00000000
c1b : -0.03349956
c1tb : 0.00000000
c1e : -0.00649461
