c12 : -0.04122352
c1t : 0.00000000
c1b : -0.00592407
c1tb : 0.00000000
c1e : -0.00661916
