c12 : -0.16918854
c1t : 0.00000000
c1b : -0.00216207
c1tb : 0.00000000
c1e : -0.00103767
