c12 : -0.02487777
c1t : 0.00000000
c1b : -0.01352244
c1tb : 0.00000000
c1e : 0.00000000
