c12 : -0.04052078
c1t : 0.00000000
c1b : -0.00518521
c1tb : 0.00000000
c1e : -0.00237070
