c12 : -0.02050058
c1t : 0.00000000
c1b : -0.01802432
c1tb : 0.00000000
c1e : 0.00000000
