c12 : -0.01840377
c1t : 0.00000000
c1b : -0.03203524
c1tb : 0.00000000
c1e : -0.00518358
