c12 : -0.01335214
c1t : 0.00000000
c1b : -0.01004752
c1tb : 0.00000000
c1e : -0.00638796
