c12 : -0.01740521
c1t : 0.00000000
c1b : -0.01218376
c1tb : 0.00000000
c1e : -0.00324771
