c12 : -0.06468286
c1t : 0.00000000
c1b : -0.00403659
c1tb : 0.00000000
c1e : -0.00209950
