c12 : -0.18416695
c1t : 0.00000000
c1b : -0.00517061
c1tb : 0.00000000
c1e : -0.00249275
