c12 : -0.05336045
c1t : 0.00000000
c1b : -0.02332138
c1tb : 0.00000000
c1e : -0.00571438
