c12 : -0.01890519
c1t : 0.00000000
c1b : -0.03851015
c1tb : 0.00000000
c1e : 0.00000000
