c12 : -0.02072761
c1t : 0.00000000
c1b : -0.00881286
c1tb : 0.00000000
c1e : -0.00290655
