c12 : -0.02320764
c1t : 0.00000000
c1b : -0.01030807
c1tb : 0.00000000
c1e : -0.00323921
