c12 : -0.02072361
c1t : 0.00000000
c1b : -0.00807467
c1tb : 0.00000000
c1e : -0.00279395
