c12 : -0.03006238
c1t : 0.00000000
c1b : -0.02647295
c1tb : 0.00000000
c1e : -0.00840870
