c12 : -0.03183690
c1t : 0.00000000
c1b : -0.01343069
c1tb : 0.00000000
c1e : 0.00000000
