c12 : -0.01629856
c1t : 0.00000000
c1b : -0.06309180
c1tb : 0.00000000
c1e : -0.00769080
