c12 : -0.01475693
c1t : 0.00000000
c1b : -0.07357381
c1tb : 0.00000000
c1e : 0.00000000
