c12 : -0.02718684
c1t : 0.00000000
c1b : -0.05932068
c1tb : 0.00000000
c1e : -0.00779795
