c12 : -0.07296366
c1t : 0.00000000
c1b : -0.05019723
c1tb : 0.00000000
c1e : -0.01077606
