c12 : -0.01910403
c1t : 0.00000000
c1b : -0.02038956
c1tb : 0.00000000
c1e : -0.00244463
