c12 : -0.14378177
c1t : 0.00000000
c1b : -0.04620670
c1tb : 0.00000000
c1e : -0.00502125
