c12 : -0.07158268
c1t : 0.00000000
c1b : -0.00807228
c1tb : 0.00000000
c1e : -0.00176944
