c12 : -0.01143903
c1t : 0.00000000
c1b : -0.02607015
c1tb : 0.00000000
c1e : 0.00000000
