c12 : -0.03093363
c1t : 0.00000000
c1b : -0.01541398
c1tb : 0.00000000
c1e : -0.00536839
