c12 : -0.10695835
c1t : 0.00000000
c1b : -0.01142963
c1tb : 0.00000000
c1e : -0.01190569
