c12 : -0.19469517
c1t : 0.00000000
c1b : -0.04974014
c1tb : 0.00000000
c1e : -0.01917358
