c12 : -0.11985990
c1t : 0.00000000
c1b : -0.01213203
c1tb : 0.00000000
c1e : -0.00542712
