c12 : -0.06084704
c1t : 0.00000000
c1b : -0.00662320
c1tb : 0.00000000
c1e : -0.00462276
