c12 : -0.19430856
c1t : 0.00000000
c1b : -0.00805600
c1tb : 0.00000000
c1e : -0.00629741
