c12 : -0.01121110
c1t : 0.00000000
c1b : -0.01713342
c1tb : 0.00000000
c1e : -0.00205947
