c12 : -0.02872975
c1t : 0.00000000
c1b : -0.06903735
c1tb : 0.00000000
c1e : 0.00000000
