c12 : -0.01625830
c1t : 0.00000000
c1b : -0.01435942
c1tb : 0.00000000
c1e : -0.00205106
