c12 : -0.01957314
c1t : 0.00000000
c1b : -0.06535649
c1tb : 0.00000000
c1e : -0.00457137
