c12 : -0.21871954
c1t : 0.00000000
c1b : -0.04539553
c1tb : 0.00000000
c1e : -0.00498286
