c12 : -0.00730383
c1t : 0.00000000
c1b : -0.01839716
c1tb : 0.00000000
c1e : -0.00339291
