c12 : -0.02069291
c1t : 0.00000000
c1b : -0.07195982
c1tb : 0.00000000
c1e : 0.00000000
