c12 : -0.11638027
c1t : 0.00000000
c1b : -0.00505319
c1tb : 0.00000000
c1e : -0.00466521
