c12 : -0.02178426
c1t : 0.00000000
c1b : -0.02622773
c1tb : 0.00000000
c1e : 0.00000000
