c12 : -0.00592575
c1t : 0.00000000
c1b : -0.02755629
c1tb : 0.00000000
c1e : -0.00327746
