c12 : -0.02134691
c1t : 0.00000000
c1b : -0.02268857
c1tb : 0.00000000
c1e : -0.00279864
