c12 : -0.13463296
c1t : 0.00000000
c1b : -0.05850324
c1tb : 0.00000000
c1e : 0.00000000
