c12 : -0.12140713
c1t : 0.00000000
c1b : -0.01475143
c1tb : 0.00000000
c1e : 0.00000000
