c12 : -0.03620014
c1t : 0.00000000
c1b : -0.01453507
c1tb : 0.00000000
c1e : -0.00228997
