c12 : -0.07234065
c1t : 0.00000000
c1b : -0.05163389
c1tb : 0.00000000
c1e : -0.01058739
