c12 : -0.13104753
c1t : 0.00000000
c1b : -0.00876163
c1tb : 0.00000000
c1e : -0.00189778
