c12 : -0.02355682
c1t : 0.00000000
c1b : -0.01502793
c1tb : 0.00000000
c1e : -0.00390507
