c12 : -0.02251847
c1t : 0.00000000
c1b : -0.07046543
c1tb : 0.00000000
c1e : 0.00000000
