c12 : -0.13047738
c1t : 0.00000000
c1b : -0.00894826
c1tb : 0.00000000
c1e : 0.00000000
