c12 : -0.14349760
c1t : 0.00000000
c1b : -0.05206646
c1tb : 0.00000000
c1e : 0.00000000
