c12 : -0.12471292
c1t : 0.00000000
c1b : -0.05870929
c1tb : 0.00000000
c1e : 0.00000000
