c12 : -0.21054496
c1t : 0.00000000
c1b : -0.00956949
c1tb : 0.00000000
c1e : -0.00230856
