c12 : -0.01503881
c1t : 0.00000000
c1b : -0.02129843
c1tb : 0.00000000
c1e : -0.00425561
