c12 : -0.19940196
c1t : 0.00000000
c1b : -0.00915266
c1tb : 0.00000000
c1e : -0.00725183
