c12 : -0.04318771
c1t : 0.00000000
c1b : -0.01388713
c1tb : 0.00000000
c1e : -0.00914636
