c12 : -0.05303249
c1t : 0.00000000
c1b : -0.05321250
c1tb : 0.00000000
c1e : -0.00956374
