c12 : -0.04930493
c1t : 0.00000000
c1b : -0.01596683
c1tb : 0.00000000
c1e : -0.00650375
