c12 : -0.07308698
c1t : 0.00000000
c1b : -0.01937112
c1tb : 0.00000000
c1e : 0.00000000
