c12 : -0.02651636
c1t : 0.00000000
c1b : -0.02574142
c1tb : 0.00000000
c1e : 0.00000000
