c12 : -0.04343977
c1t : 0.00000000
c1b : -0.05366157
c1tb : 0.00000000
c1e : -0.00921906
