c12 : -0.21799177
c1t : 0.00000000
c1b : -0.05147405
c1tb : 0.00000000
c1e : 0.00000000
