c12 : -0.06474374
c1t : 0.00000000
c1b : -0.05013950
c1tb : 0.00000000
c1e : -0.00508478
