c12 : -0.00855287
c1t : 0.00000000
c1b : -0.02503247
c1tb : 0.00000000
c1e : -0.00408463
