c12 : -0.21741998
c1t : 0.00000000
c1b : -0.04490057
c1tb : 0.00000000
c1e : -0.00502033
