c12 : -0.06077183
c1t : 0.00000000
c1b : -0.01265203
c1tb : 0.00000000
c1e : -0.01029471
