c12 : -0.18472762
c1t : 0.00000000
c1b : -0.00544633
c1tb : 0.00000000
c1e : -0.00964521
