c12 : -0.11487636
c1t : 0.00000000
c1b : -0.00995706
c1tb : 0.00000000
c1e : -0.00673012
