c12 : -0.20584856
c1t : 0.00000000
c1b : -0.04761573
c1tb : 0.00000000
c1e : -0.01263013
