c12 : -0.04286509
c1t : 0.00000000
c1b : -0.01060749
c1tb : 0.00000000
c1e : -0.00203891
