c12 : -0.05535577
c1t : 0.00000000
c1b : -0.06435285
c1tb : 0.00000000
c1e : 0.00000000
