c12 : -0.01945518
c1t : 0.00000000
c1b : -0.07067540
c1tb : 0.00000000
c1e : 0.00000000
