c12 : -0.12464428
c1t : 0.00000000
c1b : -0.00974242
c1tb : 0.00000000
c1e : -0.00678436
