c12 : -0.02969160
c1t : 0.00000000
c1b : -0.00974348
c1tb : 0.00000000
c1e : -0.00677156
