c12 : -0.20070644
c1t : 0.00000000
c1b : -0.01177387
c1tb : 0.00000000
c1e : 0.00000000
