c12 : -0.01299705
c1t : 0.00000000
c1b : -0.01510802
c1tb : 0.00000000
c1e : -0.00351592
