c12 : -0.01467453
c1t : 0.00000000
c1b : -0.07486702
c1tb : 0.00000000
c1e : 0.00000000
