c12 : -0.01711388
c1t : 0.00000000
c1b : -0.03016461
c1tb : 0.00000000
c1e : 0.00000000
