c12 : -0.13200866
c1t : 0.00000000
c1b : -0.04634807
c1tb : 0.00000000
c1e : -0.00509519
