c12 : -0.03641168
c1t : 0.00000000
c1b : -0.05537027
c1tb : 0.00000000
c1e : -0.00867410
