c12 : -0.03752524
c1t : 0.00000000
c1b : -0.00812313
c1tb : 0.00000000
c1e : -0.00158292
