c12 : -0.12522526
c1t : 0.00000000
c1b : -0.02064163
c1tb : 0.00000000
c1e : 0.00000000
