c12 : -0.07322496
c1t : 0.00000000
c1b : -0.01052727
c1tb : 0.00000000
c1e : -0.00206678
