c12 : -0.20457785
c1t : 0.00000000
c1b : -0.00814993
c1tb : 0.00000000
c1e : 0.00000000
