c12 : -0.06540933
c1t : 0.00000000
c1b : -0.01605175
c1tb : 0.00000000
c1e : 0.00000000
