c12 : -0.05912311
c1t : 0.00000000
c1b : -0.01685889
c1tb : 0.00000000
c1e : 0.00000000
