c12 : -0.02289387
c1t : 0.00000000
c1b : -0.02135342
c1tb : 0.00000000
c1e : 0.00000000
