c12 : -0.01686204
c1t : 0.00000000
c1b : -0.01298180
c1tb : 0.00000000
c1e : -0.00530367
