c12 : -0.03452003
c1t : 0.00000000
c1b : -0.05709262
c1tb : 0.00000000
c1e : -0.00498085
