c12 : -0.03969144
c1t : 0.00000000
c1b : -0.05523081
c1tb : 0.00000000
c1e : -0.00758035
