c12 : -0.11828592
c1t : 0.00000000
c1b : -0.06208081
c1tb : 0.00000000
c1e : 0.00000000
