c12 : -0.13034035
c1t : 0.00000000
c1b : -0.01791901
c1tb : 0.00000000
c1e : 0.00000000
