c12 : -0.01352879
c1t : 0.00000000
c1b : -0.06694775
c1tb : 0.00000000
c1e : -0.00586092
