c12 : -0.04083552
c1t : 0.00000000
c1b : -0.06445432
c1tb : 0.00000000
c1e : 0.00000000
