c12 : -0.03490101
c1t : 0.00000000
c1b : -0.01754382
c1tb : 0.00000000
c1e : -0.00488939
