c12 : -0.04587628
c1t : 0.00000000
c1b : -0.06491853
c1tb : 0.00000000
c1e : 0.00000000
