c12 : -0.00701867
c1t : 0.00000000
c1b : -0.02688262
c1tb : 0.00000000
c1e : -0.00317672
