c12 : -0.00823368
c1t : 0.00000000
c1b : -0.01925278
c1tb : 0.00000000
c1e : -0.00197632
