c12 : -0.12588777
c1t : 0.00000000
c1b : -0.01239274
c1tb : 0.00000000
c1e : 0.00000000
