c12 : -0.02564562
c1t : 0.00000000
c1b : -0.06107366
c1tb : 0.00000000
c1e : -0.00473708
