c12 : -0.20960565
c1t : 0.00000000
c1b : -0.04799715
c1tb : 0.00000000
c1e : -0.00902397
