c12 : -0.01610718
c1t : 0.00000000
c1b : -0.01821013
c1tb : 0.00000000
c1e : -0.00353858
