c12 : -0.04324189
c1t : 0.00000000
c1b : -0.00781148
c1tb : 0.00000000
c1e : -0.00458831
