c12 : -0.05342760
c1t : 0.00000000
c1b : -0.00930588
c1tb : 0.00000000
c1e : -0.00193488
