c12 : -0.01497195
c1t : 0.00000000
c1b : -0.06640413
c1tb : 0.00000000
c1e : -0.00549049
