c12 : -0.02332970
c1t : 0.00000000
c1b : -0.02090876
c1tb : 0.00000000
c1e : -0.00533397
