c12 : -0.02162469
c1t : 0.00000000
c1b : -0.06233397
c1tb : 0.00000000
c1e : -0.00630260
