c12 : -0.11162796
c1t : 0.00000000
c1b : -0.01488857
c1tb : 0.00000000
c1e : 0.00000000
