c12 : -0.04040230
c1t : 0.00000000
c1b : -0.02379873
c1tb : 0.00000000
c1e : 0.00000000
