c12 : -0.00508331
c1t : 0.00000000
c1b : -0.02031429
c1tb : 0.00000000
c1e : -0.00282199
