c12 : -0.12571415
c1t : 0.00000000
c1b : -0.04844619
c1tb : 0.00000000
c1e : -0.00882133
