c12 : -0.03608335
c1t : 0.00000000
c1b : -0.05637132
c1tb : 0.00000000
c1e : -0.00859161
