c12 : -0.01897230
c1t : 0.00000000
c1b : -0.06240417
c1tb : 0.00000000
c1e : -0.00674632
