c12 : -0.08504173
c1t : 0.00000000
c1b : -0.05428784
c1tb : 0.00000000
c1e : 0.00000000
