c12 : -0.01933513
c1t : 0.00000000
c1b : -0.01885072
c1tb : 0.00000000
c1e : -0.00648428
