c12 : -0.11875883
c1t : 0.00000000
c1b : -0.00665556
c1tb : 0.00000000
c1e : -0.00159890
