c12 : -0.04686131
c1t : 0.00000000
c1b : -0.05356203
c1tb : 0.00000000
c1e : -0.00784949
