c12 : -0.05119018
c1t : 0.00000000
c1b : -0.01509490
c1tb : 0.00000000
c1e : 0.00000000
