c12 : -0.03153120
c1t : 0.00000000
c1b : -0.05652385
c1tb : 0.00000000
c1e : -0.01110788
