c12 : -0.05311279
c1t : 0.00000000
c1b : -0.01484566
c1tb : 0.00000000
c1e : -0.00509686
