c12 : -0.07795734
c1t : 0.00000000
c1b : -0.01554397
c1tb : 0.00000000
c1e : 0.00000000
