c12 : -0.06578911
c1t : 0.00000000
c1b : -0.05604289
c1tb : 0.00000000
c1e : 0.00000000
