c12 : -0.12107810
c1t : 0.00000000
c1b : -0.00906426
c1tb : 0.00000000
c1e : -0.00192611
