c12 : -0.05586901
c1t : 0.00000000
c1b : -0.00740130
c1tb : 0.00000000
c1e : -0.00817192
