c12 : -0.05877783
c1t : 0.00000000
c1b : -0.06126542
c1tb : 0.00000000
c1e : 0.00000000
