c12 : -0.03016405
c1t : 0.00000000
c1b : -0.02257827
c1tb : 0.00000000
c1e : 0.00000000
