c12 : -0.00922439
c1t : 0.00000000
c1b : -0.03410460
c1tb : 0.00000000
c1e : 0.00000000
