c12 : -0.02313259
c1t : 0.00000000
c1b : -0.01151217
c1tb : 0.00000000
c1e : -0.00191632
