c12 : -0.01487405
c1t : 0.00000000
c1b : -0.02626643
c1tb : 0.00000000
c1e : -0.00276516
