c12 : -0.12132782
c1t : 0.00000000
c1b : -0.00420534
c1tb : 0.00000000
c1e : -0.00103129
