c12 : -0.00884225
c1t : 0.00000000
c1b : -0.01144466
c1tb : 0.00000000
c1e : -0.00351068
