c12 : -0.10414793
c1t : 0.00000000
c1b : -0.00851983
c1tb : 0.00000000
c1e : -0.00589414
