c12 : -0.02844120
c1t : 0.00000000
c1b : -0.03636209
c1tb : 0.00000000
c1e : -0.01174124
