c12 : -0.11361438
c1t : 0.00000000
c1b : -0.03073695
c1tb : 0.00000000
c1e : -0.01301575
