c12 : -0.01025698
c1t : 0.00000000
c1b : -0.01553971
c1tb : 0.00000000
c1e : -0.00420995
