c12 : -0.00919409
c1t : 0.00000000
c1b : -0.02606867
c1tb : 0.00000000
c1e : 0.00000000
