c12 : -0.05200888
c1t : 0.00000000
c1b : -0.00848201
c1tb : 0.00000000
c1e : -0.01072752
