c12 : -0.18225588
c1t : 0.00000000
c1b : -0.03035487
c1tb : 0.00000000
c1e : -0.01010023
