c12 : -0.12060400
c1t : 0.00000000
c1b : -0.03587420
c1tb : 0.00000000
c1e : 0.00000000
