c12 : -0.09104973
c1t : 0.00000000
c1b : -0.00774511
c1tb : 0.00000000
c1e : -0.01231160
