c12 : -0.05708686
c1t : 0.00000000
c1b : -0.01372303
c1tb : 0.00000000
c1e : 0.00000000
