c12 : -0.02128680
c1t : 0.00000000
c1b : -0.01683948
c1tb : 0.00000000
c1e : 0.00000000
