c12 : -0.02183034
c1t : 0.00000000
c1b : -0.01375340
c1tb : 0.00000000
c1e : -0.00588921
