c12 : -0.02791671
c1t : 0.00000000
c1b : -0.00976533
c1tb : 0.00000000
c1e : -0.00603930
