c12 : -0.00651462
c1t : 0.00000000
c1b : -0.01299215
c1tb : 0.00000000
c1e : -0.00305866
