c12 : -0.04236249
c1t : 0.00000000
c1b : -0.00829025
c1tb : 0.00000000
c1e : -0.00663865
