c12 : -0.10363958
c1t : 0.00000000
c1b : -0.00462808
c1tb : 0.00000000
c1e : -0.00178758
