c12 : -0.01117585
c1t : 0.00000000
c1b : -0.01820441
c1tb : 0.00000000
c1e : -0.00446321
