c12 : -0.10274234
c1t : 0.00000000
c1b : -0.00624041
c1tb : 0.00000000
c1e : -0.00659808
