c12 : -0.06866869
c1t : 0.00000000
c1b : -0.03218373
c1tb : 0.00000000
c1e : -0.00929593
