c12 : -0.00810755
c1t : 0.00000000
c1b : -0.02164818
c1tb : 0.00000000
c1e : 0.00000000
