c12 : -0.16380878
c1t : 0.00000000
c1b : -0.00330399
c1tb : 0.00000000
c1e : -0.00486104
