c12 : -0.03343357
c1t : 0.00000000
c1b : -0.01497797
c1tb : 0.00000000
c1e : 0.00000000
