c12 : -0.04427342
c1t : 0.00000000
c1b : -0.01380926
c1tb : 0.00000000
c1e : 0.00000000
