c12 : -0.10591497
c1t : 0.00000000
c1b : -0.00576934
c1tb : 0.00000000
c1e : -0.00207089
