c12 : -0.01783616
c1t : 0.00000000
c1b : -0.01197444
c1tb : 0.00000000
c1e : -0.00697866
