c12 : -0.10092896
c1t : 0.00000000
c1b : -0.01098064
c1tb : 0.00000000
c1e : 0.00000000
