c12 : -0.04428111
c1t : 0.00000000
c1b : -0.03411159
c1tb : 0.00000000
c1e : -0.00530061
