c12 : -0.15712734
c1t : 0.00000000
c1b : -0.00381875
c1tb : 0.00000000
c1e : -0.00941966
