c12 : -0.03845916
c1t : 0.00000000
c1b : -0.03535186
c1tb : 0.00000000
c1e : -0.00978287
