c12 : -0.09509315
c1t : 0.00000000
c1b : -0.03251640
c1tb : 0.00000000
c1e : -0.01803918
