c12 : -0.09956986
c1t : 0.00000000
c1b : -0.00373275
c1tb : 0.00000000
c1e : -0.00496382
