c12 : -0.09647018
c1t : 0.00000000
c1b : -0.01302591
c1tb : 0.00000000
c1e : 0.00000000
