c12 : -0.01584094
c1t : 0.00000000
c1b : -0.04406157
c1tb : 0.00000000
c1e : -0.00446974
