c12 : -0.03905633
c1t : 0.00000000
c1b : -0.00700930
c1tb : 0.00000000
c1e : -0.00212685
