c12 : -0.19344127
c1t : 0.00000000
c1b : -0.02860636
c1tb : 0.00000000
c1e : -0.00564845
