c12 : -0.01602429
c1t : 0.00000000
c1b : -0.04064839
c1tb : 0.00000000
c1e : -0.00844662
