c12 : -0.01988233
c1t : 0.00000000
c1b : -0.05047427
c1tb : 0.00000000
c1e : 0.00000000
