c12 : -0.01258875
c1t : 0.00000000
c1b : -0.00956282
c1tb : 0.00000000
c1e : -0.00405038
