c12 : -0.18318819
c1t : 0.00000000
c1b : -0.00662468
c1tb : 0.00000000
c1e : -0.00237602
