c12 : -0.04239206
c1t : 0.00000000
c1b : -0.00444938
c1tb : 0.00000000
c1e : -0.00166952
