c12 : -0.10734415
c1t : 0.00000000
c1b : -0.00545806
c1tb : 0.00000000
c1e : -0.00452737
