c12 : -0.02415196
c1t : 0.00000000
c1b : -0.00658741
c1tb : 0.00000000
c1e : -0.00481301
