c12 : -0.19190116
c1t : 0.00000000
c1b : -0.02827921
c1tb : 0.00000000
c1e : -0.00564734
