c12 : -0.16299073
c1t : 0.00000000
c1b : -0.00725390
c1tb : 0.00000000
c1e : -0.01321234
