c12 : -0.01234447
c1t : 0.00000000
c1b : -0.02366936
c1tb : 0.00000000
c1e : 0.00000000
