c12 : -0.00748417
c1t : 0.00000000
c1b : -0.01601765
c1tb : 0.00000000
c1e : -0.00342826
