c12 : -0.04753466
c1t : 0.00000000
c1b : -0.00516677
c1tb : 0.00000000
c1e : -0.00825587
