c12 : -0.01624194
c1t : 0.00000000
c1b : -0.05127545
c1tb : 0.00000000
c1e : 0.00000000
