c12 : -0.17105806
c1t : 0.00000000
c1b : -0.00899392
c1tb : 0.00000000
c1e : -0.00863083
