c12 : -0.02638841
c1t : 0.00000000
c1b : -0.03866281
c1tb : 0.00000000
c1e : -0.00499566
