c12 : -0.01463442
c1t : 0.00000000
c1b : -0.01733788
c1tb : 0.00000000
c1e : 0.00000000
