c12 : -0.01067264
c1t : 0.00000000
c1b : -0.01007979
c1tb : 0.00000000
c1e : -0.00479407
