c12 : -0.01212491
c1t : 0.00000000
c1b : -0.04546909
c1tb : 0.00000000
c1e : -0.00537892
