c12 : -0.02844813
c1t : 0.00000000
c1b : -0.03733576
c1tb : 0.00000000
c1e : -0.00750985
