c12 : -0.01528074
c1t : 0.00000000
c1b : -0.01857068
c1tb : 0.00000000
c1e : 0.00000000
