c12 : -0.11894161
c1t : 0.00000000
c1b : -0.02914191
c1tb : 0.00000000
c1e : -0.00549645
