c12 : -0.02877675
c1t : 0.00000000
c1b : -0.00579293
c1tb : 0.00000000
c1e : -0.00196575
