c12 : -0.03414476
c1t : 0.00000000
c1b : -0.04736379
c1tb : 0.00000000
c1e : 0.00000000
