c12 : -0.06336102
c1t : 0.00000000
c1b : -0.04560388
c1tb : 0.00000000
c1e : 0.00000000
