c12 : -0.01994092
c1t : 0.00000000
c1b : -0.04165841
c1tb : 0.00000000
c1e : -0.00472570
