c12 : -0.01896846
c1t : 0.00000000
c1b : -0.03986443
c1tb : 0.00000000
c1e : -0.00746547
