c12 : -0.05646000
c1t : 0.00000000
c1b : -0.03337802
c1tb : 0.00000000
c1e : -0.01548441
