c12 : -0.07803297
c1t : 0.00000000
c1b : -0.03075953
c1tb : 0.00000000
c1e : -0.00536483
