c12 : -0.17904545
c1t : 0.00000000
c1b : -0.00530125
c1tb : 0.00000000
c1e : -0.00189083
