c12 : -0.02195913
c1t : 0.00000000
c1b : -0.04903651
c1tb : 0.00000000
c1e : 0.00000000
