c12 : -0.12018797
c1t : 0.00000000
c1b : -0.02949301
c1tb : 0.00000000
c1e : -0.00534387
