c12 : -0.00759554
c1t : 0.00000000
c1b : -0.01732541
c1tb : 0.00000000
c1e : -0.00366337
