c12 : -0.01207102
c1t : 0.00000000
c1b : -0.02470970
c1tb : 0.00000000
c1e : 0.00000000
