c12 : -0.02621172
c1t : 0.00000000
c1b : -0.01039345
c1tb : 0.00000000
c1e : -0.00259331
