c12 : -0.06364721
c1t : 0.00000000
c1b : -0.01596061
c1tb : 0.00000000
c1e : 0.00000000
