c12 : -0.03480916
c1t : 0.00000000
c1b : -0.00786549
c1tb : 0.00000000
c1e : -0.00459257
