c12 : -0.02056491
c1t : 0.00000000
c1b : -0.04805617
c1tb : 0.00000000
c1e : 0.00000000
