c12 : -0.00995304
c1t : 0.00000000
c1b : -0.01441330
c1tb : 0.00000000
c1e : -0.00390085
