c12 : -0.01403043
c1t : 0.00000000
c1b : -0.01325258
c1tb : 0.00000000
c1e : -0.00254396
