c12 : -0.01214646
c1t : 0.00000000
c1b : -0.01897280
c1tb : 0.00000000
c1e : -0.00290899
