c12 : -0.17447801
c1t : 0.00000000
c1b : -0.03209412
c1tb : 0.00000000
c1e : -0.01294882
