c12 : -0.06086114
c1t : 0.00000000
c1b : -0.03795381
c1tb : 0.00000000
c1e : 0.00000000
