c12 : -0.02581494
c1t : 0.00000000
c1b : -0.00921179
c1tb : 0.00000000
c1e : -0.00235737
