c12 : -0.03726312
c1t : 0.00000000
c1b : -0.00916843
c1tb : 0.00000000
c1e : -0.00961893
