c12 : -0.06350044
c1t : 0.00000000
c1b : -0.00536902
c1tb : 0.00000000
c1e : -0.00192549
