c12 : -0.04337249
c1t : 0.00000000
c1b : -0.00982259
c1tb : 0.00000000
c1e : -0.00270198
