c12 : -0.00883639
c1t : 0.00000000
c1b : -0.04579735
c1tb : 0.00000000
c1e : -0.00564353
