c12 : -0.03605461
c1t : 0.00000000
c1b : -0.01932459
c1tb : 0.00000000
c1e : 0.00000000
