c12 : -0.16914618
c1t : 0.00000000
c1b : -0.00262717
c1tb : 0.00000000
c1e : -0.00105933
