c12 : -0.09141412
c1t : 0.00000000
c1b : -0.00382095
c1tb : 0.00000000
c1e : -0.00493377
