c12 : -0.07708726
c1t : 0.00000000
c1b : -0.03053959
c1tb : 0.00000000
c1e : -0.00538352
