c12 : -0.05240275
c1t : 0.00000000
c1b : -0.03314225
c1tb : 0.00000000
c1e : -0.00881700
