c12 : -0.11021116
c1t : 0.00000000
c1b : -0.00734151
c1tb : 0.00000000
c1e : -0.00243251
