c12 : -0.01853385
c1t : 0.00000000
c1b : -0.02150155
c1tb : 0.00000000
c1e : 0.00000000
