c12 : -0.10910241
c1t : 0.00000000
c1b : -0.04233474
c1tb : 0.00000000
c1e : 0.00000000
