c12 : -0.16701798
c1t : 0.00000000
c1b : -0.03186284
c1tb : 0.00000000
c1e : -0.01975125
