c12 : -0.11751104
c1t : 0.00000000
c1b : -0.04216050
c1tb : 0.00000000
c1e : 0.00000000
