c12 : -0.09920470
c1t : 0.00000000
c1b : -0.00764423
c1tb : 0.00000000
c1e : -0.01247432
