c12 : -0.01079549
c1t : 0.00000000
c1b : -0.01661220
c1tb : 0.00000000
c1e : -0.00260798
