c12 : -0.17167951
c1t : 0.00000000
c1b : -0.00509889
c1tb : 0.00000000
c1e : -0.00454371
