c12 : -0.04304070
c1t : 0.00000000
c1b : -0.03419375
c1tb : 0.00000000
c1e : -0.00841614
