c12 : -0.03459264
c1t : 0.00000000
c1b : -0.03579712
c1tb : 0.00000000
c1e : -0.00520638
