c12 : -0.05046774
c1t : 0.00000000
c1b : -0.03266063
c1tb : 0.00000000
c1e : -0.00533491
