c12 : -0.03415376
c1t : 0.00000000
c1b : -0.00512798
c1tb : 0.00000000
c1e : -0.00183721
