c12 : -0.03318931
c1t : 0.00000000
c1b : -0.00778324
c1tb : 0.00000000
c1e : -0.00221341
