c12 : -0.02057805
c13 : -0.01526430
c14 : -0.00619663
c1t : 0.00000000
c1b : -0.01014182
c23 : -0.00719734
c24 : -0.01677143
c2t : 0.00000000
c2b : -0.00617478
