c12 : -0.03894668
c13 : -0.01164262
c14 : -0.04975380
c1t : 0.00000000
c1b : -0.04143235
c23 : -0.00168074
c24 : -0.00659867
c2t : 0.00000000
c2b : -0.00286820
