c12 : -0.01367907
c13 : -0.17177373
c14 : -0.04649529
c1t : 0.00000000
c1b : -0.02834371
c23 : -0.00146865
c24 : -0.15739529
c2t : 0.00000000
c2b : -0.00003854
