c12 : -0.01378799
c13 : -0.16292526
c14 : -0.04659052
c1t : 0.00000000
c1b : -0.03023336
c23 : -0.00021965
c24 : -0.15763976
c2t : 0.00000000
c2b : -0.00024685
