c12 : -0.01781233
c13 : -0.02336023
c14 : -0.00605423
c1t : 0.00000000
c1b : -0.00682498
c23 : -0.00680641
c24 : -0.02388057
c2t : 0.00000000
c2b : -0.00093552
