c12 : -0.01429982
c13 : -0.09379250
c14 : -0.01672632
c1t : 0.00000000
c1b : -0.00869883
c23 : -0.00719103
c24 : -0.08564377
c2t : 0.00000000
c2b : -0.00289815
