c12 : -0.01846451
c13 : -0.10005432
c14 : -0.05505678
c1t : 0.00000000
c1b : -0.04064425
c23 : -0.00122052
c24 : -0.08460609
c2t : 0.00000000
c2b : -0.00257417
