c12 : -0.01635378
c13 : -0.10600436
c14 : -0.04901068
c1t : 0.00000000
c1b : -0.02891382
c23 : -0.00153114
c24 : -0.09305377
c2t : 0.00000000
c2b : -0.00007890
