c12 : -0.01154777
c13 : -0.16431607
c14 : -0.01732810
c1t : 0.00000000
c1b : -0.01013132
c23 : -0.00417967
c24 : -0.15839420
c2t : 0.00000000
c2b : -0.00465778
