c12 : -0.01438052
c13 : -0.09088375
c14 : -0.01714903
c1t : 0.00000000
c1b : -0.01048383
c23 : -0.00430969
c24 : -0.08602899
c2t : 0.00000000
c2b : -0.00469892
