c12 : -0.00966067
c13 : -0.08707332
c14 : -0.00665168
c1t : 0.00000000
c1b : -0.00469492
c23 : -0.00777894
c24 : -0.08580445
c2t : 0.00000000
c2b : -0.00072886
