c12 : -0.00998408
c13 : -0.08973280
c14 : -0.00706826
c1t : 0.00000000
c1b : -0.00560776
c23 : -0.01272531
c24 : -0.08585588
c2t : 0.00000000
c2b : -0.00332952
