c12 : -0.02788162
c13 : -0.00789741
c14 : -0.00678073
c1t : 0.00000000
c1b : -0.01331165
c23 : -0.00282517
c24 : -0.00909284
c2t : 0.00000000
c2b : -0.00168420
