c12 : -0.03154840
c13 : -0.03487353
c14 : -0.06574116
c1t : 0.00000000
c1b : -0.04094267
c23 : -0.00150103
c24 : -0.02177150
c2t : 0.00000000
c2b : -0.00300801
