c12 : -0.03519202
c13 : -0.02481866
c14 : -0.06721104
c1t : 0.00000000
c1b : -0.04014959
c23 : -0.00192644
c24 : -0.01311180
c2t : 0.00000000
c2b : -0.00289596
