c12 : -0.01348400
c13 : -0.09878447
c14 : -0.01624556
c1t : 0.00000000
c1b : -0.00739128
c23 : -0.00283154
c24 : -0.09377392
c2t : 0.00000000
c2b : -0.00053785
