c12 : -0.02257051
c13 : -0.00783984
c14 : -0.00488086
c1t : 0.00000000
c1b : -0.01207062
c23 : -0.00566253
c24 : -0.01004104
c2t : 0.00000000
c2b : -0.00713033
