c12 : -0.02186638
c13 : -0.00735729
c14 : -0.00416966
c1t : 0.00000000
c1b : -0.00982789
c23 : -0.00465570
c24 : -0.00937521
c2t : 0.00000000
c2b : -0.00231832
