c12 : -0.02336855
c13 : -0.02641827
c14 : -0.01169376
c1t : 0.00000000
c1b : -0.00943320
c23 : -0.00493236
c24 : -0.02315211
c2t : 0.00000000
c2b : -0.00040792
