c12 : -0.02260466
c13 : -0.00723396
c14 : -0.00513255
c1t : 0.00000000
c1b : -0.01239526
c23 : -0.00510410
c24 : -0.01034474
c2t : 0.00000000
c2b : -0.00736115
