c12 : -0.01785686
c13 : -0.10851125
c14 : -0.05451724
c1t : 0.00000000
c1b : -0.04064568
c23 : -0.00122367
c24 : -0.09288833
c2t : 0.00000000
c2b : -0.00255226
