c12 : -0.01829664
c13 : -0.11367428
c14 : -0.05483087
c1t : 0.00000000
c1b : -0.03322409
c23 : -0.00267344
c24 : -0.08470079
c2t : 0.00000000
c2b : -0.00161265
