c12 : -0.02062668
c13 : -0.01689254
c14 : -0.00586392
c1t : 0.00000000
c1b : -0.00916858
c23 : -0.01005053
c24 : -0.01618297
c2t : 0.00000000
c2b : -0.00438386
