c12 : -0.02395476
c13 : -0.02551818
c14 : -0.01268655
c1t : 0.00000000
c1b : -0.01247579
c23 : -0.00463567
c24 : -0.02429553
c2t : 0.00000000
c2b : -0.00503453
