c12 : -0.01386345
c13 : -0.04956495
c14 : -0.00700012
c1t : 0.00000000
c1b : -0.00642330
c23 : -0.01219006
c24 : -0.04657821
c2t : 0.00000000
c2b : -0.00353803
