c12 : -0.01175052
c13 : -0.16060077
c14 : -0.01819470
c1t : 0.00000000
c1b : -0.01177837
c23 : -0.00325751
c24 : -0.15885165
c2t : 0.00000000
c2b : -0.00505391
