c12 : -0.01002583
c13 : -0.08763674
c14 : -0.00739934
c1t : 0.00000000
c1b : -0.00700261
c23 : -0.00944783
c24 : -0.08648547
c2t : 0.00000000
c2b : -0.00539626
