c12 : -0.01902675
c13 : -0.04725800
c14 : -0.01624220
c1t : 0.00000000
c1b : -0.01229359
c23 : -0.00372793
c24 : -0.04710110
c2t : 0.00000000
c2b : -0.00510736
