c12 : -0.01887542
c13 : -0.04993309
c14 : -0.01563376
c1t : 0.00000000
c1b : -0.01113638
c23 : -0.00446373
c24 : -0.04670779
c2t : 0.00000000
c2b : -0.00479846
