c12 : -0.03121578
c13 : -0.04225169
c14 : -0.06553160
c1t : 0.00000000
c1b : -0.03625692
c23 : -0.00305554
c24 : -0.02158708
c2t : 0.00000000
c2b : -0.00192538
