c12 : -0.00952173
c13 : -0.09808429
c14 : -0.00702068
c1t : 0.00000000
c1b : -0.00551666
c23 : -0.01277347
c24 : -0.09408899
c2t : 0.00000000
c2b : -0.00330943
