c12 : -0.02338753
c13 : -0.02471829
c14 : -0.01180663
c1t : 0.00000000
c1b : -0.00975914
c23 : -0.00331035
c24 : -0.02347163
c2t : 0.00000000
c2b : -0.00067833
