c12 : -0.01383699
c13 : -0.09934560
c14 : -0.01725170
c1t : 0.00000000
c1b : -0.01041902
c23 : -0.00428235
c24 : -0.09427357
c2t : 0.00000000
c2b : -0.00468981
