c12 : -0.02432069
c13 : -0.06014736
c14 : -0.05976610
c1t : 0.00000000
c1b : -0.04061973
c23 : -0.00132850
c24 : -0.04497389
c2t : 0.00000000
c2b : -0.00275242
