c12 : -0.01346809
c13 : -0.04471832
c14 : -0.00690135
c1t : 0.00000000
c1b : -0.00585280
c23 : -0.00687289
c24 : -0.04667205
c2t : 0.00000000
c2b : -0.00077292
