c12 : -0.01500071
c13 : -0.17926218
c14 : -0.05206789
c1t : 0.00000000
c1b : -0.03748469
c23 : -0.00139707
c24 : -0.15733521
c2t : 0.00000000
c2b : -0.00236818
