c12 : -0.01451059
c13 : -0.08743638
c14 : -0.01779754
c1t : 0.00000000
c1b : -0.01186269
c23 : -0.00345104
c24 : -0.08641215
c2t : 0.00000000
c2b : -0.00505826
