c12 : -0.01848601
c13 : -0.05125073
c14 : -0.01465514
c1t : 0.00000000
c1b : -0.00782901
c23 : -0.00465782
c24 : -0.04558623
c2t : 0.00000000
c2b : -0.00031236
