c12 : -0.02403352
c13 : -0.02367188
c14 : -0.01320098
c1t : 0.00000000
c1b : -0.01336087
c23 : -0.00395139
c24 : -0.02465930
c2t : 0.00000000
c2b : -0.00531566
