c12 : -0.03334651
c13 : -0.01724681
c14 : -0.06408175
c1t : 0.00000000
c1b : -0.03468842
c23 : -0.00069653
c24 : -0.01278115
c2t : 0.00000000
c2b : -0.00028892
