c12 : -0.02941916
c13 : -0.02706371
c14 : -0.06204690
c1t : 0.00000000
c1b : -0.03298756
c23 : -0.00068141
c24 : -0.02144840
c2t : 0.00000000
c2b : -0.00025014
