c12 : -0.02189402
c13 : -0.00677447
c14 : -0.00434141
c1t : 0.00000000
c1b : -0.00999282
c23 : -0.00430380
c24 : -0.00961675
c2t : 0.00000000
c2b : -0.00233739
