c12 : -0.02780116
c13 : -0.00897444
c14 : -0.00666299
c1t : 0.00000000
c1b : -0.01307091
c23 : -0.00437701
c24 : -0.00873085
c2t : 0.00000000
c2b : -0.00143371
