c12 : -0.01784020
c13 : -0.02480307
c14 : -0.00595528
c1t : 0.00000000
c1b : -0.00653206
c23 : -0.00849788
c24 : -0.02346125
c2t : 0.00000000
c2b : -0.00066584
