c12 : -0.01403493
c13 : -0.09036148
c14 : -0.01614549
c1t : 0.00000000
c1b : -0.00745986
c23 : -0.00284356
c24 : -0.08549658
c2t : 0.00000000
c2b : -0.00054471
