c12 : -0.01383791
c13 : -0.04765394
c14 : -0.00737568
c1t : 0.00000000
c1b : -0.00771487
c23 : -0.00904138
c24 : -0.04718191
c2t : 0.00000000
c2b : -0.00551503
