c12 : -0.00922476
c13 : -0.09734578
c14 : -0.00648386
c1t : 0.00000000
c1b : -0.00428639
c23 : -0.00949799
c24 : -0.09368453
c2t : 0.00000000
c2b : -0.00045331
