c12 : -0.01401673
c13 : -0.09280942
c14 : -0.01604693
c1t : 0.00000000
c1b : -0.00699577
c23 : -0.00437473
c24 : -0.08519813
c2t : 0.00000000
c2b : -0.00028104
