c12 : -0.01839845
c13 : -0.02586982
c14 : -0.00654681
c1t : 0.00000000
c1b : -0.00791258
c23 : -0.01112862
c24 : -0.02428960
c2t : 0.00000000
c2b : -0.00392971
