c12 : -0.02645861
c13 : -0.01502142
c14 : -0.01083423
c1t : 0.00000000
c1b : -0.01440920
c23 : -0.00389776
c24 : -0.01649393
c2t : 0.00000000
c2b : -0.00554674
