c12 : -0.02577110
c13 : -0.01555886
c14 : -0.00957023
c1t : 0.00000000
c1b : -0.01106676
c23 : -0.00328919
c24 : -0.01547407
c2t : 0.00000000
c2b : -0.00091073
