c12 : -0.00966414
c13 : -0.08892721
c14 : -0.00652627
c1t : 0.00000000
c1b : -0.00435648
c23 : -0.00948902
c24 : -0.08541652
c2t : 0.00000000
c2b : -0.00045822
