c12 : -0.03711553
c13 : -0.00685444
c14 : -0.04801172
c1t : 0.00000000
c1b : -0.03680777
c23 : -0.00039649
c24 : -0.00618136
c2t : 0.00000000
c2b : -0.00037274
