c12 : -0.01126615
c13 : -0.16694038
c14 : -0.01617787
c1t : 0.00000000
c1b : -0.00664755
c23 : -0.00430544
c24 : -0.15793096
c2t : 0.00000000
c2b : -0.00033365
