c12 : -0.01836689
c13 : -0.02411969
c14 : -0.00685205
c1t : 0.00000000
c1b : -0.00902806
c23 : -0.00815149
c24 : -0.02485521
c2t : 0.00000000
c2b : -0.00579947
