c12 : -0.01348134
c13 : -0.10135555
c14 : -0.01614545
c1t : 0.00000000
c1b : -0.00692370
c23 : -0.00434381
c24 : -0.09347439
c2t : 0.00000000
c2b : -0.00028353
