c12 : -0.02940954
c13 : 0.00000000
c14 : 0.00000000
c1t : 0.00000000
c1b : -0.02286336
c23 : 0.00000000
c24 : 0.00000000
c2t : 0.00000000
c2b : -0.01227127
