c12 : -0.00957144
c13 : -0.09599303
c14 : -0.00735764
c1t : 0.00000000
c1b : -0.00692935
c23 : -0.00948085
c24 : -0.09472963
c2t : 0.00000000
c2b : -0.00538109
