c12 : -0.01341354
c13 : -0.04681775
c14 : -0.00657449
c1t : 0.00000000
c1b : -0.00548057
c23 : -0.00747462
c24 : -0.04641185
c2t : 0.00000000
c2b : -0.00075999
