c12 : -0.03051691
c13 : 0.00000000
c14 : 0.00000000
c1t : 0.00000000
c1b : -0.02471511
c23 : 0.00000000
c24 : 0.00000000
c2t : 0.00000000
c2b : -0.01317388
