c12 : -0.01374225
c13 : -0.10232741
c14 : -0.01683515
c1t : 0.00000000
c1b : -0.00861529
c23 : -0.00717996
c24 : -0.09387156
c2t : 0.00000000
c2b : -0.00287096
