c12 : -0.00922484
c13 : -0.09549478
c14 : -0.00661874
c1t : 0.00000000
c1b : -0.00462435
c23 : -0.00779878
c24 : -0.09405965
c2t : 0.00000000
c2b : -0.00072978
