botleft : -0.00615830
botright : -0.00645993
c1 : 0.09952147
c1Env : -0.04046026
c2 : -0.02252115
c2Env : -0.00269324
d1 : -0.01086278
d1L : -0.01010212
d2 : -0.00026353
