botleft : -0.00923963
botright : -0.00941669
c1 : 0.12149826
c1Env : -0.04312976
c2 : -0.02714727
c2Env : -0.00176576
d1 : -0.01004337
d1L : -0.01536251
d2 : -0.00539748
