botleft : -0.00924542
botright : -0.00940700
c1 : 0.12173828
c1Env : -0.04309905
c2 : -0.02694657
c2Env : -0.00157006
d1 : -0.01559260
d1L : -0.01526424
d2 : -0.00062886
