botleft : -0.00496699
botright : -0.00574747
c1 : 0.15410136
c1Env : -0.10167871
c2 : -0.02054749
c2Env : -0.00326907
d1 : -0.00976495
d1L : -0.00781630
d2 : -0.00030488
