botleft : -0.00870255
botright : -0.01144107
c1 : 0.17107625
c1Env : -0.10556511
c2 : -0.01058465
c2Env : -0.00112658
d1 : -0.01845100
d1L : -0.01304558
d2 : -0.00217828
