botleft : -0.00866744
botright : -0.00807659
c1 : 0.13354085
c1Env : -0.04287222
c2 : -0.04410331
c2Env : -0.00209618
d1 : -0.00891352
d1L : -0.01491855
d2 : -0.00389654
