botleft : -0.00616060
botright : -0.00641563
c1 : 0.09954330
c1Env : -0.04047806
c2 : -0.02259543
c2Env : -0.00283177
d1 : -0.01033372
d1L : -0.01012801
d2 : -0.00060455
