botleft : -0.00553140
botright : -0.00530365
c1 : 0.11011202
c1Env : -0.03975954
c2 : -0.03823474
c2Env : -0.00390129
d1 : -0.00452736
d1L : -0.00970529
d2 : -0.00313928
