botleft : -0.00497564
botright : -0.00575379
c1 : 0.15395622
c1Env : -0.10175035
c2 : -0.02094617
c2Env : -0.00401307
d1 : -0.00362727
d1L : -0.00815570
d2 : -0.00471678
