botleft : -0.00747920
botright : -0.00756910
c1 : 0.19017322
c1Env : -0.10495023
c2 : -0.04278327
c2Env : -0.00220161
d1 : -0.01222894
d1L : -0.01232033
d2 : -0.00065591
