botleft : -0.00788745
botright : -0.00674166
c1 : 0.19049618
c1Env : -0.04210250
c2 : -0.10687043
c2Env : -0.00230703
d1 : -0.01023192
d1L : -0.01409242
d2 : -0.00024319
