botleft : -0.00668326
botright : -0.00622026
c1 : 0.24695477
c1Env : -0.10420002
c2 : -0.10568785
c2Env : -0.00270725
d1 : -0.00933872
d1L : -0.01153677
d2 : -0.00054943
