botleft : -0.00461403
botright : -0.00409954
c1 : 0.16397974
c1Env : -0.03797764
c2 : -0.09831180
c2Env : -0.00449813
d1 : -0.00594673
d1L : -0.00828148
d2 : -0.00023083
