botleft : -0.00747444
botright : -0.00759608
c1 : 0.19016503
c1Env : -0.10492758
c2 : -0.04272481
c2Env : -0.00215013
d1 : -0.01268119
d1L : -0.01230789
d2 : -0.00031531
