botleft : -0.00692723
botright : -0.00869381
c1 : 0.09344505
c1Env : -0.04117135
c2 : -0.00902706
c2Env : -0.00167779
d1 : -0.01390432
d1L : -0.01065540
d2 : -0.00141302
