botleft : -0.00570201
botright : -0.00784530
c1 : 0.14828953
c1Env : -0.10244090
c2 : -0.00804827
c2Env : -0.00197591
d1 : -0.01224951
d1L : -0.00836571
d2 : -0.00167277
