botleft : -0.00460730
botright : -0.00409486
c1 : 0.16409428
c1Env : -0.03805263
c2 : -0.09840450
c2Env : -0.00455941
d1 : -0.00567181
d1L : -0.00828132
d2 : -0.00040761
