botleft : -0.00789798
botright : -0.00671981
c1 : 0.19052333
c1Env : -0.04208421
c2 : -0.10696189
c2Env : -0.00233695
d1 : -0.00999320
d1L : -0.01410600
d2 : -0.00040781
