botleft : -0.00803086
botright : -0.00886268
c1 : 0.17845079
c1Env : -0.10541655
c2 : -0.02631963
c2Env : -0.00206148
d1 : -0.00798059
d1L : -0.01284356
d2 : -0.00693127
