botleft : -0.00868144
botright : -0.00810369
c1 : 0.13355853
c1Env : -0.04271398
c2 : -0.04384030
c2Env : -0.00190111
d1 : -0.01294753
d1L : -0.01486675
d2 : -0.00051187
