botleft : -0.00923278
botright : -0.00943186
c1 : 0.12177432
c1Env : -0.04316303
c2 : -0.02688366
c2Env : -0.00149092
d1 : -0.01613990
d1L : -0.01520746
d2 : -0.00023685
