c12 : -0.00170388
c1t : -0.04300745
c1b : -0.01478973
c1tb : -0.01689796
c1e : 0.00000000
