c12 : -0.00096592
c1t : -0.19645981
c1b : -0.05759801
c1tb : -0.02765837
c1e : -0.00001242
