c12 : -0.00399552
c1t : -0.05746831
c1b : -0.01695918
c1tb : -0.00798290
c1e : -0.00070418
