c12 : -0.18810286
c1t : -0.01327427
c1b : -0.00568838
c1tb : -0.00004502
c1e : 0.00000000
