c12 : 0.00000000
c1t : -0.04359752
c1b : -0.01538538
c1tb : -0.29459825
c1e : 0.00000000
