c12 : -0.01124831
c1t : -0.19001876
c1b : -0.05463986
c1tb : -0.00391690
c1e : 0.00000000
