c12 : -0.11736540
c1t : -0.16670257
c1b : -0.04563746
c1tb : -0.00006860
c1e : -0.00009168
