c12 : -0.10151758
c1t : -0.01701517
c1b : -0.00678928
c1tb : -0.00001588
c1e : 0.00000000
