c12 : -0.03021021
c1t : -0.17939286
c1b : -0.05135634
c1tb : -0.00087820
c1e : 0.00000000
