c12 : -0.02658642
c1t : -0.18288355
c1b : -0.05149122
c1tb : -0.00062455
c1e : -0.00043547
