c12 : -0.00062016
c1t : -0.04351299
c1b : -0.01507840
c1tb : -0.02585176
c1e : 0.00000000
