c12 : -0.00195680
c1t : -0.19556607
c1b : -0.05714954
c1tb : -0.01811227
c1e : 0.00000000
