c12 : -0.00180983
c1t : -0.19588590
c1b : -0.05709225
c1tb : -0.01998628
c1e : 0.00004362
