c12 : -0.03641267
c1t : -0.04326222
c1b : -0.01330650
c1tb : -0.00015534
c1e : -0.00054820
