c12 : 0.00000000
c1t : -0.04394706
c1b : -0.01515644
c1tb : -0.27231058
c1e : 0.00000000
