c12 : -0.00482625
c1t : -0.05742495
c1b : -0.01690690
c1tb : -0.00942244
c1e : -0.00002986
