c12 : -0.03355853
c1t : -0.02577278
c1b : -0.00663957
c1tb : -0.00015301
c1e : 0.00001234
