c12 : -0.05415673
c1t : -0.17483443
c1b : -0.04882848
c1tb : 0.00000548
c1e : -0.00163917
