c12 : -0.03559760
c1t : -0.02696910
c1b : -0.00888313
c1tb : -0.00021447
c1e : 0.00000000
