c12 : -0.00156964
c1t : -0.04105197
c1b : -0.01211771
c1tb : -0.01802261
c1e : 0.00002165
