c12 : -0.00086791
c1t : -0.19654851
c1b : -0.05758650
c1tb : -0.02775018
c1e : 0.00000000
