c12 : -0.05565727
c1t : -0.03824465
c1b : -0.01198500
c1tb : -0.00001128
c1e : -0.00064049
