c12 : -0.01794445
c1t : -0.05091651
c1b : -0.01617589
c1tb : -0.00106605
c1e : 0.00000000
