c12 : -0.00075290
c1t : -0.19672357
c1b : -0.05765883
c1tb : -0.02844297
c1e : 0.00000000
