c12 : -0.03737159
c1t : -0.17897989
c1b : -0.04996769
c1tb : -0.00018510
c1e : -0.00057819
