c12 : -0.05639344
c1t : -0.17425410
c1b : -0.04848780
c1tb : -0.00006100
c1e : 0.00000000
