c12 : -0.10922790
c1t : -0.01494871
c1b : -0.00415913
c1tb : 0.00001010
c1e : -0.00001162
