c12 : -0.10264293
c1t : -0.01643851
c1b : -0.00620905
c1tb : -0.00001997
c1e : 0.00001959
