c12 : -0.05459958
c1t : -0.02220982
c1b : -0.00766202
c1tb : -0.00006156
c1e : 0.00000000
