c12 : -0.03496185
c1t : -0.04301834
c1b : -0.01157318
c1tb : -0.00015628
c1e : -0.00146900
