c12 : -0.03300537
c1t : -0.02770627
c1b : -0.00929777
c1tb : -0.00011300
c1e : -0.00105589
