c12 : -0.03563358
c1t : -0.18011601
c1b : -0.05069959
c1tb : -0.00026046
c1e : 0.00000000
