c12 : -0.00085555
c1t : -0.19665332
c1b : -0.05751438
c1tb : -0.02835237
c1e : -0.00000981
