c12 : -0.02439588
c1t : -0.04697402
c1b : -0.01282411
c1tb : -0.00047678
c1e : -0.00123037
