c12 : -0.00480957
c1t : -0.05804893
c1b : -0.01888335
c1tb : -0.00838201
c1e : 0.00000000
