c12 : -0.11596205
c1t : -0.03107920
c1b : -0.01023579
c1tb : -0.00004719
c1e : 0.00000000
