c12 : 0.00000000
c1t : -0.04389764
c1b : -0.01511785
c1tb : -0.29492828
c1e : 0.00000000
