c12 : 0.00000000
c1t : -0.19709395
c1b : -0.05770055
c1tb : -0.27135357
c1e : 0.00000000
