c12 : -0.00354013
c1t : -0.19329664
c1b : -0.05721187
c1tb : -0.01990010
c1e : 0.00000000
