c12 : -0.05210135
c1t : -0.02113908
c1b : -0.00548317
c1tb : -0.00003507
c1e : -0.00001264
