c12 : -0.00784800
c1t : -0.03655185
c1b : -0.01025756
c1tb : -0.00279338
c1e : -0.00128433
