c12 : -0.01808128
c1t : -0.03378131
c1b : -0.01082518
c1tb : -0.00129417
c1e : -0.00001274
