c12 : -0.00069493
c1t : -0.19686908
c1b : -0.05752313
c1tb : -0.03026698
c1e : 0.00001640
