c12 : -0.05437743
c1t : -0.17547590
c1b : -0.04918939
c1tb : -0.00009329
c1e : 0.00000000
