c12 : -0.02520799
c1t : -0.18332785
c1b : -0.05177487
c1tb : -0.00058468
c1e : -0.00108094
