c12 : -0.02328683
c1t : -0.18332011
c1b : -0.05161640
c1tb : -0.00059942
c1e : -0.00319727
