c12 : 0.00000000
c1t : -0.06105575
c1b : -0.01800906
c1tb : -0.29556981
c1e : 0.00000000
