c12 : -0.01853775
c1t : -0.18615578
c1b : -0.05297559
c1tb : -0.00126726
c1e : -0.00085858
