c12 : -0.01157215
c1t : -0.18981671
c1b : -0.05437544
c1tb : -0.00450662
c1e : 0.00000000
