c12 : -0.01601130
c1t : -0.03254578
c1b : -0.00871869
c1tb : -0.00095284
c1e : -0.00086892
