c12 : 0.00000000
c1t : -0.06090707
c1b : -0.01818585
c1tb : -0.26984408
c1e : 0.00000000
