c12 : 0.00000000
c1t : -0.19706643
c1b : -0.05803272
c1tb : -0.29702327
c1e : 0.00000000
