c12 : -0.00990392
c1t : -0.05411835
c1b : -0.01548507
c1tb : -0.00327172
c1e : -0.00065306
