c12 : -0.01053825
c1t : -0.05437927
c1b : -0.01721954
c1tb : -0.00325135
c1e : -0.00018568
