c12 : -0.10865065
c1t : -0.01795106
c1b : -0.00744399
c1tb : 0.00001713
c1e : 0.00000000
