c12 : -0.00180861
c1t : -0.05973497
c1b : -0.01957232
c1tb : -0.01733736
c1e : -0.00004883
