c12 : 0.00000000
c1t : -0.19668023
c1b : -0.05780664
c1tb : -0.29685780
c1e : 0.00000000
