c12 : -0.02445152
c1t : -0.03104194
c1b : -0.01026686
c1tb : -0.00037711
c1e : 0.00000000
