c12 : -0.00164505
c1t : -0.04293520
c1b : -0.01460150
c1tb : -0.01687941
c1e : -0.00004479
