c12 : -0.02032227
c1t : -0.02997063
c1b : -0.00806013
c1tb : -0.00031825
c1e : -0.00238455
