c12 : -0.01021669
c1t : -0.03775509
c1b : -0.01228222
c1tb : -0.00366317
c1e : -0.00003186
