c12 : 0.00000000
c1t : -0.04204737
c1b : -0.01261596
c1tb : -0.27222106
c1e : 0.00000000
