c12 : -0.11500885
c1t : -0.16689105
c1b : -0.04620785
c1tb : -0.00000544
c1e : -0.00090266
