c12 : -0.19278769
c1t : -0.16353129
c1b : -0.04474187
c1tb : -0.00010816
c1e : 0.00000000
