c12 : -0.00061672
c1t : -0.04172325
c1b : -0.01237637
c1tb : -0.02705333
c1e : -0.00006604
