c12 : -0.03484373
c1t : -0.02731371
c1b : -0.00917487
c1tb : -0.00008404
c1e : 0.00000000
