c12 : -0.01897231
c1t : -0.04981071
c1b : -0.01379443
c1tb : -0.00142658
c1e : -0.00000599
