c12 : -0.10491953
c1t : -0.03148319
c1b : -0.00870555
c1tb : -0.00001152
c1e : -0.00008717
