c12 : -0.10696366
c1t : -0.16695285
c1b : -0.04598176
c1tb : -0.00001397
c1e : -0.00000926
