c12 : -0.05169544
c1t : -0.02377424
c1b : -0.00864447
c1tb : -0.00002583
c1e : 0.00000000
