c12 : 0.00000000
c1t : -0.06115204
c1b : -0.02028058
c1tb : -0.26964328
c1e : 0.00000000
