c12 : -0.05185537
c1t : -0.17452098
c1b : -0.04851383
c1tb : -0.00001213
c1e : -0.00496169
