c12 : -0.00498735
c1t : -0.19364397
c1b : -0.05626339
c1tb : -0.00907554
c1e : 0.00000000
