c12 : -0.02032735
c1t : -0.18584643
c1b : -0.05245628
c1tb : -0.00179773
c1e : 0.00006028
