c12 : -0.03465365
c1t : -0.04393002
c1b : -0.01374359
c1tb : -0.00013444
c1e : -0.00120832
