c12 : -0.02486839
c1t : -0.03078464
c1b : -0.00983576
c1tb : -0.00057547
c1e : -0.00000004
