c12 : -0.18280913
c1t : -0.02909214
c1b : -0.00864799
c1tb : -0.00004778
c1e : -0.00657497
