c12 : -0.11120281
c1t : -0.01619462
c1b : -0.00633745
c1tb : 0.00000019
c1e : -0.00056090
