c12 : -0.10509623
c1t : -0.16756500
c1b : -0.04642364
c1tb : -0.00001468
c1e : -0.00088998
