c12 : -0.10746718
c1t : -0.03165049
c1b : -0.00916290
c1tb : 0.00003104
c1e : -0.00576412
