c12 : -0.10116590
c1t : -0.03316189
c1b : -0.01128970
c1tb : 0.00005095
c1e : -0.00175930
