c12 : -0.11124571
c1t : -0.16887639
c1b : -0.04734083
c1tb : -0.00004062
c1e : 0.00000000
