c12 : -0.11135861
c1t : -0.01645769
c1b : -0.00665858
c1tb : 0.00000623
c1e : 0.00000000
