c12 : -0.01654723
c1t : -0.03420386
c1b : -0.01124867
c1tb : -0.00090450
c1e : -0.00076781
