c12 : -0.00062979
c1t : -0.04160142
c1b : -0.01240099
c1tb : -0.02802640
c1e : -0.00002709
