c12 : -0.00450105
c1t : -0.19365978
c1b : -0.05612241
c1tb : -0.00913461
c1e : -0.00081285
