c12 : -0.01775604
c1t : -0.05001174
c1b : -0.01385474
c1tb : -0.00112727
c1e : -0.00102314
