c12 : -0.05139564
c1t : -0.02313956
c1b : -0.00821374
c1tb : -0.00001139
c1e : -0.00118474
