c12 : -0.01953006
c1t : -0.18583192
c1b : -0.05273375
c1tb : -0.00142589
c1e : -0.00030797
