c12 : -0.01950015
c1t : -0.04995220
c1b : -0.01542414
c1tb : -0.00143279
c1e : -0.00001783
