c12 : -0.01070864
c1t : -0.05401933
c1b : -0.01545130
c1tb : -0.00385270
c1e : 0.00001270
