c12 : -0.03469602
c1t : -0.02710627
c1b : -0.00889656
c1tb : -0.00010877
c1e : -0.00048739
