c12 : -0.00511678
c1t : -0.05775197
c1b : -0.01868279
c1tb : -0.00942343
c1e : -0.00001862
