c12 : -0.00077327
c1t : -0.06042422
c1b : -0.02004093
c1tb : -0.02872450
c1e : 0.00000076
