c12 : -0.01030895
c1t : -0.03779912
c1b : -0.01244994
c1tb : -0.00372585
c1e : 0.00000000
