c12 : -0.10248461
c1t : -0.03178020
c1b : -0.00884952
c1tb : 0.00002210
c1e : -0.00207704
