c12 : -0.11687877
c1t : -0.16628695
c1b : -0.04576547
c1tb : 0.00000280
c1e : -0.00001875
