c12 : -0.18389492
c1t : -0.01562385
c1b : -0.00704785
c1tb : 0.00006586
c1e : 0.00000000
