c12 : -0.00917317
c1t : -0.03804630
c1b : -0.01257360
c1tb : -0.00287617
c1e : -0.00048291
