c12 : -0.00062595
c1t : -0.04198357
c1b : -0.01241689
c1tb : -0.02637427
c1e : -0.00009637
