c12 : -0.01768354
c1t : -0.05056441
c1b : -0.01588090
c1tb : -0.00101471
c1e : -0.00083840
