c12 : -0.01966895
c1t : -0.18596698
c1b : -0.05284125
c1tb : -0.00144095
c1e : 0.00000000
