c12 : -0.04761949
c1t : -0.02176010
c1b : -0.00593795
c1tb : -0.00004927
c1e : -0.00340517
