c12 : -0.19371444
c1t : -0.16375594
c1b : -0.04479178
c1tb : -0.00000048
c1e : -0.00012848
