c12 : -0.11253887
c1t : -0.01587768
c1b : -0.00607352
c1tb : -0.00000374
c1e : 0.00000932
