c12 : -0.03723801
c1t : -0.17924471
c1b : -0.05014950
c1tb : -0.00024490
c1e : 0.00000000
