c12 : 0.00000000
c1t : -0.06124885
c1b : -0.02036780
c1tb : -0.29528305
c1e : 0.00000000
