c12 : -0.00452421
c1t : -0.05741562
c1b : -0.01689933
c1tb : -0.00839307
c1e : -0.00035137
