c12 : -0.00468810
c1t : -0.04100255
c1b : -0.01371130
c1tb : -0.00908759
c1e : -0.00000955
