c12 : -0.10439375
c1t : -0.03212720
c1b : -0.01060581
c1tb : -0.00001255
c1e : -0.00071971
