c12 : -0.18674789
c1t : -0.01386507
c1b : -0.00581702
c1tb : 0.00001379
c1e : -0.00063313
