c12 : -0.03491805
c1t : -0.04449776
c1b : -0.01413186
c1tb : -0.00013419
c1e : 0.00000000
