c12 : -0.18377180
c1t : -0.01481833
c1b : -0.00639558
c1tb : 0.00005007
c1e : -0.00154438
