c12 : -0.03209874
c1t : -0.04343691
c1b : -0.01193411
c1tb : -0.00012898
c1e : -0.00351005
