c12 : -0.00173667
c1t : -0.04309004
c1b : -0.01474361
c1tb : -0.01878871
c1e : 0.00000000
