c12 : -0.10598157
c1t : -0.03174452
c1b : -0.01039907
c1tb : -0.00005051
c1e : 0.00000000
