c12 : -0.03659745
c1t : -0.04283813
c1b : -0.01142532
c1tb : -0.00023946
c1e : -0.00002062
