c12 : -0.00396389
c1t : -0.03937331
c1b : -0.01132436
c1tb : -0.00802207
c1e : -0.00027728
