c12 : -0.05408095
c1t : -0.03797882
c1b : -0.01024610
c1tb : 0.00001385
c1e : -0.00175504
