c12 : -0.02649972
c1t : -0.04704559
c1b : -0.01442347
c1tb : -0.00069718
c1e : 0.00000000
