c12 : -0.00128403
c1t : -0.04116862
c1b : -0.01217264
c1tb : -0.01618191
c1e : -0.00021737
