c12 : -0.01865788
c1t : -0.18651073
c1b : -0.05320529
c1tb : -0.00131600
c1e : 0.00000000
