c12 : -0.00465399
c1t : -0.05781867
c1b : -0.01877500
c1tb : -0.00803214
c1e : -0.00028852
