c12 : -0.11420775
c1t : -0.16695543
c1b : -0.04581709
c1tb : -0.00004440
c1e : -0.00266839
