c12 : -0.05057996
c1t : -0.02130726
c1b : -0.00561865
c1tb : 0.00003005
c1e : -0.00132700
