c12 : -0.01057755
c1t : -0.19013698
c1b : -0.05470560
c1tb : -0.00374356
c1e : -0.00056674
