c12 : -0.01690288
c1t : -0.03446905
c1b : -0.01152240
c1tb : -0.00092519
c1e : 0.00000000
