c12 : -0.00058597
c1t : -0.04365453
c1b : -0.01513184
c1tb : -0.02646267
c1e : 0.00000000
