c12 : -0.09771973
c1t : -0.03230544
c1b : -0.00930278
c1tb : 0.00003399
c1e : -0.00558265
