c12 : -0.10436491
c1t : -0.03255827
c1b : -0.01097141
c1tb : -0.00004964
c1e : 0.00000000
