c12 : -0.05353281
c1t : -0.02265310
c1b : -0.00803177
c1tb : -0.00000606
c1e : 0.00000000
