c12 : -0.18324129
c1t : -0.16466653
c1b : -0.04555723
c1tb : 0.00004159
c1e : -0.00760416
