c12 : -0.00069847
c1t : -0.06066765
c1b : -0.02015360
c1tb : -0.02876740
c1e : 0.00000000
