c12 : -0.02498045
c1t : -0.03075245
c1b : -0.00999573
c1tb : -0.00062341
c1e : 0.00000000
