c12 : -0.00505606
c1t : -0.05793341
c1b : -0.01874943
c1tb : -0.00949117
c1e : 0.00000000
