c12 : -0.01009351
c1t : -0.05475156
c1b : -0.01761100
c1tb : -0.00315017
c1e : 0.00000000
