c12 : -0.00511616
c1t : -0.19351566
c1b : -0.05628441
c1tb : -0.00910133
c1e : -0.00025131
