c12 : -0.00176199
c1t : -0.19565570
c1b : -0.05698574
c1tb : -0.01815194
c1e : -0.00026736
