c12 : -0.05612621
c1t : -0.03777238
c1b : -0.01005316
c1tb : -0.00003431
c1e : -0.00004074
