c12 : -0.00182090
c1t : -0.04288296
c1b : -0.01458047
c1tb : -0.01814040
c1e : 0.00001822
