c12 : -0.05591245
c1t : -0.17396986
c1b : -0.04796702
c1tb : 0.00002134
c1e : -0.00209341
