c12 : -0.02666408
c1t : -0.18302965
c1b : -0.05161721
c1tb : -0.00068433
c1e : 0.00000000
