c12 : -0.09883910
c1t : -0.01846166
c1b : -0.00755795
c1tb : 0.00001023
c1e : 0.00000000
