c12 : -0.00173277
c1t : -0.05923433
c1b : -0.01773245
c1tb : -0.01727298
c1e : -0.00015934
