c12 : -0.09777474
c1t : -0.01565253
c1b : -0.00440766
c1tb : 0.00004932
c1e : -0.00144573
