c12 : -0.00180298
c1t : -0.19583254
c1b : -0.05719259
c1tb : -0.02005849
c1e : 0.00000263
