c12 : -0.10271517
c1t : -0.01641912
c1b : -0.00634563
c1tb : -0.00002756
c1e : 0.00000000
