c12 : -0.11098617
c1t : -0.03252946
c1b : -0.01113518
c1tb : 0.00004565
c1e : -0.00178340
