c12 : 0.00000000
c1t : -0.06085079
c1b : -0.01816427
c1tb : -0.27280173
c1e : 0.00000000
