c12 : -0.01945163
c1t : -0.05014363
c1b : -0.01553632
c1tb : -0.00148659
c1e : 0.00000000
