c12 : -0.05828409
c1t : -0.17326635
c1b : -0.04790528
c1tb : -0.00001250
c1e : 0.00000000
