c12 : -0.17869568
c1t : -0.01314653
c1b : -0.00423870
c1tb : 0.00001009
c1e : -0.00461604
