c12 : -0.00180823
c1t : -0.05996888
c1b : -0.01980716
c1tb : -0.01735475
c1e : 0.00000000
