c12 : -0.10607418
c1t : -0.03166533
c1b : -0.01025479
c1tb : 0.00000443
c1e : -0.00000452
