c12 : 0.00000000
c1t : -0.04350500
c1b : -0.01545981
c1tb : -0.26915672
c1e : 0.00000000
