c12 : -0.01820592
c1t : -0.03369747
c1b : -0.01114234
c1tb : -0.00105365
c1e : 0.00000000
