c12 : -0.01681039
c1t : -0.18628801
c1b : -0.05286103
c1tb : -0.00125598
c1e : -0.00260208
