c12 : -0.19040716
c1t : -0.02912302
c1b : -0.01026060
c1tb : -0.00003127
c1e : 0.00000000
