c12 : -0.00954521
c1t : -0.19034712
c1b : -0.05462294
c1tb : -0.00369881
c1e : -0.00165710
