c12 : -0.10840983
c1t : -0.01706497
c1b : -0.00690255
c1tb : 0.00000336
c1e : -0.00141869
