c12 : -0.19060783
c1t : -0.02875034
c1b : -0.00985418
c1tb : 0.00004603
c1e : -0.00076346
