botleft : -0.00484366
botright : -0.00470778
c1 : 0.26467746
c1Env : -0.10272927
c2 : -0.10240074
c2Env : -0.00280338
d1 : -0.04553287
d2 : -0.00130089
d2Env : -0.00064753
