botleft : -0.00400308
botright : -0.00521099
c1 : 0.16354336
c1Env : -0.09649568
c2 : -0.00583402
c2Env : -0.00187862
d1 : -0.02115403
d2 : -0.01987503
d2Env : -0.00929281
