botleft : -0.00675142
botright : -0.00701506
c1 : 0.13606410
c1Env : -0.03943497
c2 : -0.02934065
c2Env : -0.00173013
d1 : -0.04788872
d2 : -0.00287899
d2Env : -0.00117921
