botleft : -0.00315663
botright : -0.00332987
c1 : 0.17383495
c1Env : -0.09542899
c2 : -0.02994720
c2Env : -0.00348237
d1 : -0.02062431
d2 : -0.01608060
d2Env : -0.00214913
