botleft : -0.00402243
botright : -0.00400724
c1 : 0.11194274
c1Env : -0.03491260
c2 : -0.03910651
c2Env : -0.00427381
d1 : -0.02260134
d2 : -0.00189228
d2Env : -0.00115377
