botleft : -0.00705731
botright : -0.00832230
c1 : 0.14395007
c1Env : -0.03841942
c2 : -0.00705847
c2Env : -0.00113889
d1 : -0.04094581
d2 : -0.03827742
d2Env : -0.00311015
