botleft : -0.00353247
botright : -0.00409880
c1 : 0.16641040
c1Env : -0.09591217
c2 : -0.01532451
c2Env : -0.00292505
d1 : -0.02093824
d2 : -0.01875437
d2Env : -0.00521852
