botleft : -0.00626098
botright : -0.00605152
c1 : 0.14856851
c1Env : -0.03893337
c2 : -0.04542165
c2Env : -0.00227435
d1 : -0.04650684
d2 : -0.00226216
d2Env : -0.00098864
