botleft : -0.00399998
botright : -0.00399448
c1 : 0.11232018
c1Env : -0.03514447
c2 : -0.03854680
c2Env : -0.00332324
d1 : -0.02218088
d2 : -0.00383803
d2Env : -0.00136052
