botleft : -0.00247464
botright : -0.00256634
c1 : 0.22090025
c1Env : -0.09360339
c2 : -0.09287646
c2Env : -0.00548481
d1 : -0.02254164
d2 : -0.00093046
d2Env : -0.00059589
