botleft : -0.00563324
botright : -0.00498027
c1 : 0.20985521
c1Env : -0.03904297
c2 : -0.10033222
c2Env : -0.00220734
d1 : -0.04009898
d2 : -0.01724307
d2Env : -0.00058570
