botleft : -0.00313873
botright : -0.00348377
c1 : 0.17010607
c1Env : -0.09551735
c2 : -0.03456092
c2Env : -0.00456307
d1 : -0.02698356
d2 : -0.00125322
d2Env : -0.00083755
