botleft : -0.00514553
botright : -0.00633228
c1 : 0.09527322
c1Env : -0.03673834
c2 : -0.00705993
c2Env : -0.00180292
d1 : -0.02453931
d2 : -0.01225486
d2Env : -0.00159392
