botleft : -0.00585141
botright : -0.00640933
c1 : 0.20639308
c1Env : -0.10406868
c2 : -0.01853725
c2Env : -0.00194175
d1 : -0.04335306
d2 : -0.02580141
d2Env : -0.00092545
