botleft : -0.00331326
botright : -0.00312517
c1 : 0.16616225
c1Env : -0.03362353
c2 : -0.09829064
c2Env : -0.00455349
d1 : -0.01969964
d2 : -0.00247325
d2Env : -0.00109794
