botleft : -0.00451066
botright : -0.00486009
c1 : 0.10092304
c1Env : -0.03607203
c2 : -0.02438397
c2Env : -0.00331111
d1 : -0.02403544
d2 : -0.00240868
d2Env : -0.00139507
