botleft : -0.00330890
botright : -0.00296565
c1 : 0.16903797
c1Env : -0.03337067
c2 : -0.09406275
c2Env : -0.00359631
d1 : -0.01636823
d2 : -0.01475222
d2Env : -0.00075716
