botleft : -0.00488000
botright : -0.00580152
c1 : 0.10735342
c1Env : -0.03560250
c2 : -0.00593229
c2Env : -0.00164219
d1 : -0.01726443
d2 : -0.02899867
d2Env : -0.00739390
