botleft : -0.00314653
botright : -0.00343728
c1 : 0.17001684
c1Env : -0.09551368
c2 : -0.03426868
c2Env : -0.00395173
d1 : -0.02667170
d2 : -0.00223107
d2Env : -0.00103318
