botleft : -0.00361824
botright : -0.00422336
c1 : 0.16068327
c1Env : -0.09640118
c2 : -0.01996096
c2Env : -0.00290189
d1 : -0.02895418
d2 : -0.00375854
d2Env : -0.00114248
