botleft : -0.00486211
botright : -0.00470178
c1 : 0.26430672
c1Env : -0.10264135
c2 : -0.10199749
c2Env : -0.00241810
d1 : -0.04535430
d2 : -0.00177021
d2Env : -0.00086260
