botleft : -0.00659464
botright : -0.00848181
c1 : 0.19161035
c1Env : -0.10410552
c2 : -0.01144808
c2Env : -0.00113369
d1 : -0.05496557
d2 : -0.00405929
d2Env : -0.00116731
