botleft : -0.00564005
botright : -0.00508577
c1 : 0.20543854
c1Env : -0.03892129
c2 : -0.10653138
c2Env : -0.00286491
d1 : -0.04396303
d2 : -0.00175904
d2Env : -0.00078980
