botleft : -0.00360238
botright : -0.00426555
c1 : 0.16064639
c1Env : -0.09651339
c2 : -0.02082441
c2Env : -0.00361043
d1 : -0.02941683
d2 : -0.00161748
d2Env : -0.00104622
