botleft : -0.00450994
botright : -0.00480506
c1 : 0.10148319
c1Env : -0.03612438
c2 : -0.02285515
c2Env : -0.00254240
d1 : -0.02354769
d2 : -0.00576356
d2Env : -0.00144264
