c12 : -0.10138422
c1t : -0.03397148
c1b : -0.01189122
c1tb : 0.00003194
c1e : 0.00000000
