c12 : -0.00193364
c1t : -0.19561468
c1b : -0.05719522
c1tb : -0.01866588
c1e : 0.00001753
