c12 : -0.02029681
c1t : -0.18559317
c1b : -0.05241130
c1tb : -0.00174510
c1e : 0.00000000
