c12 : -0.00543142
c1t : -0.19344102
c1b : -0.05607448
c1tb : -0.01058083
c1e : 0.00000000
