c12 : -0.00425121
c1t : -0.04110191
c1b : -0.01378995
c1tb : -0.00775728
c1e : -0.00022969
