c12 : -0.01817510
c1t : -0.03379511
c1b : -0.01097485
c1tb : -0.00132854
c1e : 0.00000000
