c12 : -0.05357619
c1t : -0.03986000
c1b : -0.01305136
c1tb : 0.00001221
c1e : 0.00000000
