c12 : -0.09411623
c1t : -0.01617023
c1b : -0.00477824
c1tb : 0.00000007
c1e : -0.00416113
