c12 : -0.09880516
c1t : -0.16825880
c1b : -0.04668096
c1tb : 0.00004687
c1e : -0.00641200
