c12 : -0.02202906
c1t : -0.04731962
c1b : -0.01314715
c1tb : -0.00038035
c1e : -0.00284938
