c12 : -0.00879721
c1t : -0.05429370
c1b : -0.01564126
c1tb : -0.00303206
c1e : -0.00144362
