c12 : -0.05803898
c1t : -0.17338389
c1b : -0.04791524
c1tb : -0.00002236
c1e : 0.00000368
