c12 : -0.05653713
c1t : -0.17390710
c1b : -0.04830816
c1tb : 0.00001488
c1e : -0.00074555
