c12 : 0.00000000
c1t : -0.19712617
c1b : -0.05775220
c1tb : -0.27425063
c1e : 0.00000000
