c12 : -0.00452627
c1t : -0.04113839
c1b : -0.01396253
c1tb : -0.00803302
c1e : 0.00000000
