c12 : -0.00943774
c1t : -0.03819639
c1b : -0.01280010
c1tb : -0.00293334
c1e : 0.00000000
