c12 : -0.18631725
c1t : -0.16544932
c1b : -0.04593788
c1tb : 0.00008625
c1e : -0.00229524
