c12 : -0.02224815
c1t : -0.02964178
c1b : -0.00781703
c1tb : -0.00035911
c1e : -0.00101658
