c12 : -0.00062422
c1t : -0.06047985
c1b : -0.01998616
c1tb : -0.02697430
c1e : 0.00002442
