c12 : -0.18474919
c1t : -0.01247422
c1b : -0.00365033
c1tb : 0.00001993
c1e : 0.00002325
