c12 : -0.02746061
c1t : -0.18267234
c1b : -0.05118545
c1tb : -0.00088717
c1e : 0.00005131
