c12 : -0.19320647
c1t : -0.16359784
c1b : -0.04488801
c1tb : -0.00011736
c1e : -0.00001022
