c12 : -0.00528750
c1t : -0.19379492
c1b : -0.05609593
c1tb : -0.01058735
c1e : 0.00004134
