c12 : -0.03742729
c1t : -0.04307275
c1b : -0.01314919
c1tb : -0.00026730
c1e : 0.00000000
