c12 : -0.18982728
c1t : -0.16398619
c1b : -0.04490895
c1tb : 0.00008610
c1e : -0.00303799
