c12 : -0.00180094
c1t : -0.05922360
c1b : -0.01775082
c1tb : -0.01854534
c1e : -0.00001780
