c12 : -0.11119553
c1t : -0.03332706
c1b : -0.01175689
c1tb : 0.00002655
c1e : 0.00000000
