c12 : -0.00072891
c1t : -0.04370695
c1b : -0.01490029
c1tb : -0.02655499
c1e : -0.00004241
