c12 : 0.00000000
c1t : -0.06146123
c1b : -0.02004772
c1tb : -0.27285329
c1e : 0.00000000
