c12 : -0.00152871
c1t : -0.05928098
c1b : -0.01777112
c1tb : -0.01668907
c1e : -0.00025201
