c12 : -0.18629391
c1t : -0.16656400
c1b : -0.04657659
c1tb : -0.00001633
c1e : 0.00000000
