c12 : -0.10740682
c1t : -0.16738909
c1b : -0.04585817
c1tb : -0.00006175
c1e : -0.00007117
