c12 : -0.02528830
c1t : -0.18370962
c1b : -0.05205508
c1tb : -0.00065530
c1e : 0.00000000
