c12 : 0.00000000
c1t : -0.04210266
c1b : -0.01255781
c1tb : -0.29490089
c1e : 0.00000000
