c12 : -0.00072098
c1t : -0.04348375
c1b : -0.01490741
c1tb : -0.02815740
c1e : -0.00004774
