c12 : -0.10386256
c1t : -0.01559587
c1b : -0.00464841
c1tb : 0.00002622
c1e : -0.00423447
