c12 : -0.03544144
c1t : -0.02696180
c1b : -0.00868433
c1tb : -0.00017198
c1e : 0.00000773
