c12 : -0.19072954
c1t : -0.16426165
c1b : -0.04522338
c1tb : 0.00007450
c1e : -0.00095841
