c12 : -0.00975023
c1t : -0.03784701
c1b : -0.01240849
c1tb : -0.00304539
c1e : -0.00021673
