c12 : -0.05850305
c1t : -0.17363568
c1b : -0.04776914
c1tb : -0.00005479
c1e : -0.00004565
