c12 : 0.00000000
c1t : -0.19684941
c1b : -0.05761583
c1tb : -0.27400216
c1e : 0.00000000
