c12 : -0.00944262
c1t : -0.03632738
c1b : -0.01004227
c1tb : -0.00359100
c1e : -0.00001897
