c12 : -0.00098846
c1t : -0.19661342
c1b : -0.05737975
c1tb : -0.02768350
c1e : 0.00001570
