c12 : -0.11608054
c1t : -0.03104210
c1b : -0.01009481
c1tb : 0.00001199
c1e : -0.00000354
