c12 : -0.18680763
c1t : -0.01413367
c1b : -0.00620154
c1tb : 0.00005994
c1e : 0.00000000
