c12 : -0.03645748
c1t : -0.04356055
c1b : -0.01358449
c1tb : -0.00016838
c1e : 0.00000000
