c12 : 0.00000000
c1t : -0.19728638
c1b : -0.05766239
c1tb : -0.27138031
c1e : 0.00000000
