c12 : 0.00000000
c1t : -0.19731073
c1b : -0.05774265
c1tb : -0.27435496
c1e : 0.00000000
