c12 : -0.01757141
c1t : -0.03384522
c1b : -0.01097934
c1tb : -0.00101036
c1e : -0.00035996
