c12 : -0.02338713
c1t : -0.02947415
c1b : -0.00772087
c1tb : -0.00053301
c1e : 0.00000779
