c12 : -0.00437646
c1t : -0.04106543
c1b : -0.01375641
c1tb : -0.00806134
c1e : -0.00011397
