c12 : -0.10132608
c1t : -0.01675206
c1b : -0.00649913
c1tb : 0.00000085
c1e : -0.00056280
