c12 : -0.00069205
c1t : -0.06071300
c1b : -0.02017949
c1tb : -0.02701794
c1e : 0.00000000
