c12 : -0.09862524
c1t : -0.01763301
c1b : -0.00706294
c1tb : 0.00001257
c1e : -0.00140241
