c12 : -0.11144751
c1t : -0.16796112
c1b : -0.04682025
c1tb : 0.00005880
c1e : -0.00203110
