c12 : -0.01122945
c1t : -0.18995939
c1b : -0.05460690
c1tb : -0.00394700
c1e : -0.00013640
