c12 : 0.00000000
c1t : -0.06156284
c1b : -0.02015265
c1tb : -0.29558769
c1e : 0.00000000
