c12 : -0.09940961
c1t : -0.01554158
c1b : -0.00430610
c1tb : 0.00002308
c1e : -0.00001601
