c12 : -0.00180099
c1t : -0.05985885
c1b : -0.01979843
c1tb : -0.01681728
c1e : 0.00000000
