c12 : -0.00205220
c1t : -0.19561075
c1b : -0.05715518
c1tb : -0.01865412
c1e : 0.00000000
