c12 : -0.01882325
c1t : -0.05044563
c1b : -0.01582551
c1tb : -0.00115361
c1e : 0.00000000
