c12 : -0.01058572
c1t : -0.05461945
c1b : -0.01743995
c1tb : -0.00330593
c1e : 0.00000000
