c12 : -0.01445186
c1t : -0.03277570
c1b : -0.00894950
c1tb : -0.00081591
c1e : -0.00197555
