c12 : -0.02579064
c1t : -0.04678461
c1b : -0.01270053
c1tb : -0.00067552
c1e : -0.00000043
