c12 : -0.00350739
c1t : -0.03943358
c1b : -0.01142766
c1tb : -0.00765149
c1e : -0.00062287
