c12 : -0.02764714
c1t : -0.18279557
c1b : -0.05114673
c1tb : -0.00094979
c1e : 0.00005212
