c12 : -0.01159135
c1t : -0.18995218
c1b : -0.05446219
c1tb : -0.00457251
c1e : 0.00001856
