c12 : -0.01071713
c1t : -0.19016694
c1b : -0.05445491
c1tb : -0.00387584
c1e : -0.00076301
