c12 : -0.01889278
c1t : -0.18602048
c1b : -0.05259057
c1tb : -0.00135936
c1e : -0.00116613
