c12 : -0.02450934
c1t : -0.04814346
c1b : -0.01523047
c1tb : -0.00044752
c1e : 0.00000000
