c12 : -0.19149517
c1t : -0.02810620
c1b : -0.00792709
c1tb : -0.00002267
c1e : -0.00011194
