c12 : -0.10757110
c1t : -0.01505691
c1b : -0.00426128
c1tb : 0.00004422
c1e : -0.00145023
