c12 : -0.00143824
c1t : -0.04115155
c1b : -0.01206870
c1tb : -0.01674894
c1e : -0.00011465
