c12 : -0.10459408
c1t : -0.16792583
c1b : -0.04662566
c1tb : -0.00006117
c1e : 0.00000000
