c12 : -0.11256876
c1t : -0.01583377
c1b : -0.00621228
c1tb : -0.00003451
c1e : 0.00000000
