c12 : -0.00538350
c1t : -0.19361718
c1b : -0.05619678
c1tb : -0.01061289
c1e : -0.00004525
