c12 : -0.01111067
c1t : -0.05422253
c1b : -0.01716385
c1tb : -0.00387758
c1e : -0.00001555
