c12 : -0.00076351
c1t : -0.06035922
c1b : -0.01995145
c1tb : -0.02622836
c1e : -0.00000997
