c12 : -0.00165727
c1t : -0.04289684
c1b : -0.01457808
c1tb : -0.01635800
c1e : -0.00007158
