c12 : -0.00075642
c1t : -0.06052834
c1b : -0.02011813
c1tb : -0.02633192
c1e : 0.00000000
