c12 : -0.19218737
c1t : -0.02817653
c1b : -0.00962387
c1tb : -0.00007919
c1e : 0.00000000
