c12 : -0.00068797
c1t : -0.05996276
c1b : -0.01810377
c1tb : -0.02612518
c1e : -0.00002520
