c12 : -0.05332443
c1t : -0.03915576
c1b : -0.01256991
c1tb : 0.00002947
c1e : -0.00144622
