c12 : -0.10843965
c1t : -0.16753431
c1b : -0.04646008
c1tb : 0.00003327
c1e : -0.00664035
