c12 : -0.10167492
c1t : -0.16868736
c1b : -0.04705681
c1tb : 0.00008941
c1e : -0.00199222
