c12 : 0.00000000
c1t : -0.06114196
c1b : -0.02037468
c1tb : -0.27250287
c1e : 0.00000000
