c12 : -0.05445016
c1t : -0.02215386
c1b : -0.00748583
c1tb : -0.00002928
c1e : 0.00000503
