c12 : 0.00000000
c1t : -0.04206245
c1b : -0.01258786
c1tb : -0.26928988
c1e : 0.00000000
