c12 : -0.18662645
c1t : -0.03084125
c1b : -0.01124830
c1tb : -0.00003835
c1e : 0.00000000
