c12 : -0.02652112
c1t : -0.04688908
c1b : -0.01430089
c1tb : -0.00062259
c1e : -0.00002108
