c12 : -0.00467474
c1t : -0.04099672
c1b : -0.01382717
c1tb : -0.00910505
c1e : 0.00000000
