c12 : -0.03340626
c1t : -0.02818187
c1b : -0.00965786
c1tb : -0.00011576
c1e : 0.00000000
