c12 : -0.00193731
c1t : -0.19562478
c1b : -0.05704385
c1tb : -0.01864145
c1e : -0.00005706
