c12 : -0.10430674
c1t : -0.16770203
c1b : -0.04605737
c1tb : -0.00001715
c1e : -0.00258112
