c12 : -0.19264086
c1t : -0.02824684
c1b : -0.00949445
c1tb : -0.00003963
c1e : -0.00002834
