c12 : -0.05350320
c1t : -0.02236817
c1b : -0.00774756
c1tb : 0.00000035
c1e : -0.00054067
