c12 : -0.01697594
c1t : -0.03245016
c1b : -0.00864964
c1tb : -0.00122871
c1e : -0.00000234
