c12 : -0.11434706
c1t : -0.03151328
c1b : -0.01046245
c1tb : -0.00001378
c1e : -0.00072265
