c12 : -0.02423389
c1t : -0.04767356
c1b : -0.01491204
c1tb : -0.00041323
c1e : -0.00102522
