c12 : -0.01107285
c1t : -0.05440800
c1b : -0.01723588
c1tb : -0.00393486
c1e : 0.00000000
