c12 : -0.00070885
c1t : -0.04356651
c1b : -0.01479185
c1tb : -0.02714542
c1e : -0.00002691
