c12 : -0.05684843
c1t : -0.03785568
c1b : -0.01168194
c1tb : -0.00000023
c1e : -0.00002684
