c12 : -0.05560122
c1t : -0.03861648
c1b : -0.01232352
c1tb : -0.00003261
c1e : 0.00000000
