c12 : -0.00875484
c1t : -0.03637512
c1b : -0.01009949
c1tb : -0.00299670
c1e : -0.00059607
