c12 : -0.02563984
c1t : -0.04714864
c1b : -0.01455033
c1tb : -0.00044945
c1e : -0.00046032
