c12 : -0.00072910
c1t : -0.05990701
c1b : -0.01810278
c1tb : -0.02864216
c1e : -0.00005235
