c12 : 0.00000000
c1t : -0.06153784
c1b : -0.02002050
c1tb : -0.26993835
c1e : 0.00000000
