c12 : -0.00187941
c1t : -0.05995541
c1b : -0.01974946
c1tb : -0.01864032
c1e : 0.00000000
