c12 : -0.18644886
c1t : -0.02994758
c1b : -0.01057524
c1tb : 0.00006671
c1e : -0.00194547
