c12 : 0.00000000
c1t : -0.19738929
c1b : -0.05776588
c1tb : -0.29710376
c1e : 0.00000000
