c12 : -0.00065309
c1t : -0.04358773
c1b : -0.01507764
c1tb : -0.02817750
c1e : 0.00000000
