c12 : -0.00528424
c1t : -0.19352193
c1b : -0.05625765
c1tb : -0.00945666
c1e : -0.00001923
