c12 : -0.03219019
c1t : -0.02595298
c1b : -0.00674413
c1tb : -0.00005844
c1e : -0.00116167
