c12 : -0.00055801
c1t : -0.19677974
c1b : -0.05773121
c1tb : -0.03035983
c1e : 0.00000356
