c12 : -0.01001639
c1t : -0.03796092
c1b : -0.01261104
c1tb : -0.00305540
c1e : 0.00000000
