c12 : -0.03865018
c1t : -0.17844068
c1b : -0.04965736
c1tb : -0.00031274
c1e : 0.00000000
