c12 : 0.00000000
c1t : -0.04396659
c1b : -0.01509684
c1tb : -0.26947460
c1e : 0.00000000
