c12 : -0.00191806
c1t : -0.05978776
c1b : -0.01962665
c1tb : -0.01861230
c1e : 0.00004905
