c12 : -0.00185585
c1t : -0.05966175
c1b : -0.01958535
c1tb : -0.01676404
c1e : -0.00009453
