c12 : -0.02285789
c1t : -0.03133741
c1b : -0.01034485
c1tb : -0.00036657
c1e : -0.00092290
