c12 : -0.05692065
c1t : -0.03797301
c1b : -0.01179425
c1tb : -0.00005098
c1e : 0.00000000
