c12 : -0.10154364
c1t : -0.16957600
c1b : -0.04753541
c1tb : -0.00003745
c1e : 0.00000000
