c12 : -0.02423453
c1t : -0.03086720
c1b : -0.01001615
c1tb : -0.00040278
c1e : -0.00043164
