c12 : 0.00000000
c1t : -0.04351237
c1b : -0.01554299
c1tb : -0.27193984
c1e : 0.00000000
