c12 : -0.03867643
c1t : -0.17874835
c1b : -0.04954454
c1tb : -0.00035379
c1e : 0.00001136
