c12 : -0.05050503
c1t : -0.03847604
c1b : -0.01062796
c1tb : -0.00003610
c1e : -0.00432302
