c12 : -0.03654036
c1t : -0.17905878
c1b : -0.04971818
c1tb : -0.00020913
c1e : -0.00171894
