c12 : -0.02016335
c1t : -0.18572633
c1b : -0.05247988
c1tb : -0.00184889
c1e : 0.00005666
