c12 : -0.00484230
c1t : -0.05778283
c1b : -0.01869877
c1tb : -0.00837359
c1e : -0.00010983
