c12 : -0.19026725
c1t : -0.16465934
c1b : -0.04546847
c1tb : 0.00006534
c1e : 0.00000000
