c12 : -0.00512881
c1t : -0.19354884
c1b : -0.05610295
c1tb : -0.00944129
c1e : -0.00029888
