c12 : -0.11447533
c1t : -0.16723572
c1b : -0.04642618
c1tb : -0.00004645
c1e : 0.00000000
