c12 : -0.03739038
c1t : -0.04293228
c1b : -0.01302063
c1tb : -0.00018998
c1e : -0.00002173
