c12 : -0.00465552
c1t : -0.05808875
c1b : -0.01895893
c1tb : -0.00804282
c1e : 0.00000000
