c12 : -0.11432013
c1t : -0.03191527
c1b : -0.01082233
c1tb : -0.00004354
c1e : 0.00000000
