c12 : -0.03560909
c1t : -0.17961685
c1b : -0.05036455
c1tb : -0.00019579
c1e : -0.00134625
