c12 : -0.00070930
c1t : -0.19658799
c1b : -0.05766964
c1tb : -0.02838706
c1e : -0.00000713
