c12 : -0.11489155
c1t : -0.03081122
c1b : -0.00854067
c1tb : -0.00003025
c1e : -0.00009398
