c12 : -0.18867819
c1t : -0.02832686
c1b : -0.00806793
c1tb : 0.00011336
c1e : -0.00232958
