c12 : -0.18282968
c1t : -0.01262442
c1b : -0.00374530
c1tb : 0.00005193
c1e : -0.00153415
