c12 : -0.00160865
c1t : -0.04294148
c1b : -0.01476743
c1tb : -0.01640506
c1e : 0.00000000
