c12 : -0.03845367
c1t : -0.17859037
c1b : -0.04963648
c1tb : -0.00032089
c1e : 0.00004031
