c12 : -0.00525704
c1t : -0.19353060
c1b : -0.05621351
c1tb : -0.00942742
c1e : 0.00000000
