c12 : -0.10702875
c1t : -0.16680442
c1b : -0.04589317
c1tb : 0.00000457
c1e : 0.00000000
