c12 : -0.00065080
c1t : -0.05993965
c1b : -0.01808362
c1tb : -0.02684474
c1e : -0.00002443
