c12 : -0.01871357
c1t : -0.05018819
c1b : -0.01558865
c1tb : -0.00113172
c1e : -0.00035430
