c12 : -0.02326435
c1t : -0.03169179
c1b : -0.01067300
c1tb : -0.00036449
c1e : 0.00000000
