c12 : -0.02980661
c1t : -0.02636412
c1b : -0.00704511
c1tb : -0.00007829
c1e : -0.00283763
