c12 : -0.01167926
c1t : -0.19009192
c1b : -0.05439922
c1tb : -0.00452146
c1e : 0.00004874
