c12 : -0.00210133
c1t : -0.19551657
c1b : -0.05716310
c1tb : -0.01812326
c1e : -0.00004354
