c12 : -0.18839425
c1t : -0.01335532
c1b : -0.00551286
c1tb : -0.00000733
c1e : -0.00001535
