c12 : -0.11693588
c1t : -0.16611300
c1b : -0.04567127
c1tb : 0.00001340
c1e : 0.00000000
