c12 : 0.00000000
c1t : -0.19684260
c1b : -0.05750505
c1tb : -0.27116811
c1e : 0.00000000
