c12 : -0.02571338
c1t : -0.04742673
c1b : -0.01478735
c1tb : -0.00047027
c1e : 0.00000000
