c12 : -0.00993919
c1t : -0.05454906
c1b : -0.01736902
c1tb : -0.00307646
c1e : -0.00051232
