c12 : -0.00430274
c1t : -0.04124093
c1b : -0.01400213
c1tb : -0.00773847
c1e : 0.00000000
