c12 : -0.00425355
c1t : -0.03937839
c1b : -0.01133783
c1tb : -0.00903556
c1e : -0.00005817
