c12 : -0.03334517
c1t : -0.17944600
c1b : -0.05013764
c1tb : -0.00020117
c1e : -0.00395196
