c12 : -0.01061517
c1t : -0.19030845
c1b : -0.05485278
c1tb : -0.00373323
c1e : 0.00000000
