c12 : -0.02593695
c1t : -0.18302782
c1b : -0.05130258
c1tb : -0.00064686
c1e : -0.00140766
