c12 : -0.11238596
c1t : -0.03109952
c1b : -0.00868187
c1tb : 0.00001530
c1e : -0.00213376
