c12 : -0.00056458
c1t : -0.19677532
c1b : -0.05765747
c1tb : -0.03029988
c1e : 0.00000000
