c12 : -0.01586409
c1t : -0.05027423
c1b : -0.01413885
c1tb : -0.00098366
c1e : -0.00230445
