botleft : -0.00493827
botright : -0.00443758
c1 : 0.21456173
c2 : -0.09574897
c2e : -0.00846527
c3 : -0.10102747
