botleft : -0.01488449
botright : -0.01235819
c1 : 0.08844278
c2 : -0.03391671
c2e : -0.00578534
c3 : -0.02144323
