botleft : -0.00922825
botright : -0.01001278
c1 : 0.17135678
c2 : -0.03161648
c2e : -0.00493675
c3 : -0.11558258
