botleft : -0.01122740
botright : -0.01004621
c1 : 0.11262714
c2 : -0.04909894
c2e : -0.00602748
c3 : -0.03619915
