botleft : -0.00902166
botright : -0.00803378
c1 : 0.18445477
c2 : -0.11008614
c2e : -0.00631173
c3 : -0.05099984
