botleft : -0.01190496
botright : -0.01143924
c1 : 0.09848884
c2 : -0.03279783
c2e : -0.00546328
c3 : -0.03684515
