botleft : -0.01418725
botright : -0.01094394
c1 : 0.10261460
c2 : -0.05012833
c2e : -0.00643802
c3 : -0.02088931
