botleft : -0.01328516
botright : -0.00954288
c1 : 0.16136087
c2 : -0.11128712
c2e : -0.00727157
c3 : -0.01995508
