botleft : -0.01314197
botright : -0.01254500
c1 : 0.06432457
c2 : -0.01403411
c2e : -0.00612733
c3 : -0.01844864
