botleft : -0.01286031
botright : -0.01455647
c1 : 0.08775495
c2 : -0.01816690
c2e : -0.00425878
c3 : -0.03790665
