botleft : -0.01023341
botright : -0.01306053
c1 : 0.16095841
c2 : -0.01714685
c2e : -0.00400950
c3 : -0.11653358
