botleft : -0.00935662
botright : -0.01070609
c1 : 0.08627082
c2 : -0.01296724
c2e : -0.00543924
c3 : -0.04780268
