botleft : -0.01588396
botright : -0.01551976
c1 : 0.07744905
c2 : -0.01885697
c2e : -0.00471196
c3 : -0.02246005
