botleft : -0.01031006
botright : -0.00864373
c1 : 0.17118724
c2 : -0.11047805
c2e : -0.00668940
c3 : -0.03506866
