botleft : -0.00822931
botright : -0.00804947
c1 : 0.09459610
c2 : -0.02503891
c2e : -0.00726620
c3 : -0.04601922
