botleft : -0.01059961
botright : -0.01083143
c1 : 0.11257570
c2 : -0.03247416
c2e : -0.00521492
c3 : -0.05343607
