botleft : -0.00627203
botright : -0.00542158
c1 : 0.16162580
c2 : -0.09794407
c2e : -0.00981606
c3 : -0.04220901
