botleft : -0.00763127
botright : -0.00720117
c1 : 0.24269983
c2 : -0.10903367
c2e : -0.00577662
c3 : -0.11308658
