botleft : -0.00856785
botright : -0.00862734
c1 : 0.18439470
c2 : -0.04731003
c2e : -0.00537223
c3 : -0.11454478
