botleft : -0.00746237
botright : -0.00857769
c1 : 0.17847620
c2 : -0.02558584
c2e : -0.00166387
c3 : -0.10786060
topleft : -0.01155536
topright : -0.01579582
