botleft : -0.01077142
botright : -0.01251116
c1 : 0.10230394
c2 : -0.01067629
c2e : -0.00093247
c3 : -0.02783428
topleft : -0.01754646
topright : -0.02209573
