botleft : -0.00638409
botright : -0.00646503
c1 : 0.09955055
c2 : -0.02135818
c2e : -0.00346602
c3 : -0.04010397
topleft : -0.01037572
topright : -0.01135044
