botleft : -0.00366943
botright : -0.00332464
c1 : 0.21478370
c2 : -0.09362718
c2e : -0.00559267
c3 : -0.09698171
topleft : -0.00621694
topright : -0.00532391
