botleft : -0.00572324
botright : -0.00538717
c1 : 0.10967834
c2 : -0.03609087
c2e : -0.00470365
c3 : -0.03901732
topleft : -0.00975642
topright : -0.00895030
