botleft : -0.00742653
botright : -0.00708254
c1 : 0.08814628
c2 : -0.02154469
c2e : -0.00358166
c3 : -0.02383878
topleft : -0.01262393
topright : -0.01198062
