botleft : -0.00617768
botright : -0.00591510
c1 : 0.24679013
c2 : -0.10496802
c2e : -0.00256487
c3 : -0.10672683
topleft : -0.01042858
topright : -0.00999172
