botleft : -0.00717490
botright : -0.00866889
c1 : 0.09332743
c2 : -0.00829349
c2e : -0.00176756
c3 : -0.04065505
topleft : -0.01090274
topright : -0.01586046
