botleft : -0.00871908
botright : -0.00716230
c1 : 0.17829306
c2 : -0.10577407
c2e : -0.00281984
c3 : -0.02666644
topleft : -0.01607805
topright : -0.01104768
