botleft : -0.00479471
botright : -0.00411098
c1 : 0.16367890
c2 : -0.09593065
c2e : -0.00633791
c3 : -0.03761555
topleft : -0.00847671
topright : -0.00638565
