botleft : -0.01261184
botright : -0.01054282
c1 : 0.10236538
c2 : -0.02666892
c2e : -0.00175382
c3 : -0.01127486
topleft : -0.02223858
topright : -0.01726051
