botleft : -0.00602676
botright : -0.00772671
c1 : 0.14740877
c2 : -0.00773366
c2e : -0.00164394
c3 : -0.10109209
topleft : -0.00865558
topright : -0.01453362
