botleft : -0.00692814
botright : -0.00726525
c1 : 0.19008006
c2 : -0.04238241
c2e : -0.00202322
c3 : -0.10736290
topleft : -0.01116641
topright : -0.01296522
